Load	Displacement
(lb)	(in)
-1.223957746	0
-1.264715578	-0.0007
-1.327933026	-0.001
-1.222294465	-0.001
-1.217303203	-0.0023
-1.29133304	-0.0005
-1.236434836	-0.0003
-1.253070483	-0.0026
-1.25722975	-0.0031
-1.149927909	-0.0015
-1.259725026	-0.0005
-1.250575207	0.0003
-1.283847212	-0.0006
-1.341241402	0.0008
-1.353718492	-0.0011
-1.527564343	0.0003
-1.889396415	-0.0033
-2.055755727	-0.0051
-2.339399405	-0.0017
-2.628032925	-0.0047
-2.817683138	-0.0046
-2.991528988	-0.0042
-3.222769029	-0.0057
-3.430718169	-0.005
-3.775914594	-0.0083
-3.962237535	-0.0105
-4.405585982	-0.0102
-4.463811457	-0.0116
-4.702538036	-0.0106
-5.041911914	-0.0102
-5.363817438	-0.0146
-5.582580388	-0.0136
-5.743949148	-0.0136
-6.038405926	-0.0146
-6.384433636	-0.0142
-6.708835147	-0.0153
-6.948393011	-0.0201
-7.304402536	-0.019
-7.831762635	-0.0188
-8.084629585	-0.0196
-8.423170756	-0.021
-8.734263892	-0.0211
-8.972157765	-0.0216
-9.182602891	-0.022
-9.630109895	-0.0245
-9.82475066	-0.0245
-10.09841252	-0.0259
-10.30719366	-0.0249
-10.58917335	-0.0274
-10.80211446	-0.0279
-11.12235599	-0.0274
-11.42845858	-0.0286
-11.7387183	-0.0277
-12.0639518	-0.0272
-12.27106966	-0.0297
-12.34676349	-0.0321
-12.91238614	-0.0321
-13.2650691	-0.0326
-13.4447375	-0.0346
-13.76082048	-0.0336
-14.06442637	-0.035
-14.16507437	-0.0366
-14.48448462	-0.0357
-14.99520836	-0.0392
-15.37783606	-0.0382
-15.54752336	-0.0387
-15.82950304	-0.0401
-16.06608249	-0.04
-16.56183458	-0.0407
-16.90952557	-0.0409
-17.16738307	-0.0456
-17.48346605	-0.0417
-17.68143408	-0.0446
-18.02247266	-0.0466
-18.252048	-0.0472
-18.91748596	-0.0471
-19.15538196	-0.0506
-19.32673112	-0.0482
-19.80418285	-0.0505
-20.02377922	-0.05
-20.70917939	-0.0516
-20.91047469	-0.0532
-21.25317655	-0.0536
-21.67572938	-0.055
-21.8404247	-0.0532
-22.15151854	-0.0541
-22.54246335	-0.056
-22.76871142	-0.0567
-23.33100751	-0.0595
-23.48239446	-0.0594
-23.70032684	-0.0577
-24.08128912	-0.0594
-24.29256766	-0.0592
-24.56706081	-0.0599
-24.86151759	-0.0621
-25.18758025	-0.0617
-25.67667921	-0.0635
-25.93620071	-0.0631
-26.26392736	-0.0671
-26.63823723	-0.0656
-26.82455946	-0.0671
-27.26208607	-0.0652
-27.47668975	-0.0672
-27.80275455	-0.0686
-28.03898585	-0.0687
-28.35673353	-0.0692
-28.6711518	-0.0696
-29.00719841	-0.0716
-29.3332632	-0.0721
-29.67596506	-0.072
-29.93382327	-0.0747
-30.10683713	-0.0754
-30.49611724	-0.0746
-30.76562125	-0.0745
-31.10831956	-0.0771
-31.37948544	-0.0776
-31.65397859	-0.077
-31.98400371	-0.0789
-32.29010558	-0.0778
-32.5596096	-0.0811
-33.22504756	-0.0791
-33.54445709	-0.0821
-33.94039388	-0.0835
-34.35296631	-0.0839
-34.8154471	-0.0836
-35.39104944	-0.0851
-35.6971506	-0.0856
-36.06979861	-0.0874
-36.22617469	-0.0865
-36.51564091	-0.0876
-37.147809	-0.0881
-37.40067524	-0.0916
-37.9064063	-0.0901
-38.10604046	-0.0906
-38.46537725	-0.0906
-38.97110902	-0.0919
-39.25392141	-0.0925
-39.55336874	-0.0956
-40.0957005	-0.0956
-40.62805186	-0.0969
-41.07056689	-0.0966
-41.22029269	-0.0979
-41.65282661	-0.0986
-41.9256579	-0.0965
-42.52122529	-0.0993
-42.96041376	-0.1003
-43.31309673	-0.1026
-43.75561176	-0.1016
-44.20145761	-0.1024
-44.4277071	-0.1029
-44.7870439	-0.1036
-45.41588187	-0.103
-45.81514592	-0.1069
-46.11126598	-0.1076
-46.53049224	-0.1078
-46.84324795	-0.1091
-47.242512	-0.1096
-47.7815172	-0.1096
-48.23401333	-0.1103
-48.62329628	-0.1101
-48.87616252	-0.1109
-49.33531604	-0.1133
-49.91424494	-0.1146
-50.35676352	-0.1138
-50.86582256	-0.1155
-51.11869165	-0.1144
-51.51462559	-0.1159
-51.94715951	-0.1171
-52.40631374	-0.1176
-53.07840553	-0.1183
-53.39116408	-0.1206
-53.83035255	-0.1215
-54.21297812	-0.1205
-54.53239121	-0.1228
-55.22111793	-0.1218
-55.69025256	-0.124
-56.13277114	-0.1245
-56.53868619	-0.1223
-56.8081902	-0.1265
-57.25403251	-0.1273
-57.68989726	-0.1274
-58.10579696	-0.1292
-58.59156297	-0.129
-59.2802968	-0.1297
-59.70617334	-0.1305
-60.10544166	-0.1327
-60.55461052	-0.1312
-61.01708776	-0.1342
-61.4230092	-0.1329
-61.75572356	-0.1358
-62.1982457	-0.1352
-63.05332961	-0.1349
-63.40268885	-0.1385
-63.82028096	-0.1397
-64.42582945	-0.1369
-64.738588	-0.1378
-65.17111909	-0.1399
-65.54377065	-0.1395
-66.02288638	-0.1399
-66.3689148	-0.1412
-66.93453248	-0.1413
-67.46023356	-0.1417
-67.93269546	-0.1418
-68.40515665	-0.1457
-68.97742816	-0.1454
-69.41662018	-0.1465
-69.90904358	-0.1448
-70.51459278	-0.1462
-70.76745831	-0.1487
-71.3730068	-0.1497
-71.8454687	-0.1487
-72.42440115	-0.1509
-72.90351688	-0.1498
-73.19631393	-0.1503
-73.60888209	-0.1507
-73.7419694	-0.1527
-73.7419694	-0.1522
-73.76858544	-0.1529
-73.84843996	-0.1532
-73.82182392	-0.1517
-73.80186242	-0.1523
-73.875056	-0.1528
-73.90167914	-0.1502
-73.82182392	-0.1509
-73.80851625	-0.1514
-73.86840216	-0.1533
-73.84843996	-0.1507
-73.84178612	-0.1522
-73.90167914	-0.153
-73.81517008	-0.1514
-73.95491122	-0.1529
-73.90833297	-0.1504
-73.73531557	-0.1522
-73.86174833	-0.1493
-73.875056	-0.1527
-73.84843996	-0.1508
-73.80851625	-0.1512
-73.80851625	-0.1527
-73.79520859	-0.1508
-73.75527706	-0.1522
-73.84843996	-0.1519
-73.84843996	-0.1527
-73.76858544	-0.1527
-73.78855404	-0.1504
-73.84843996	-0.1493
-73.80186242	-0.1515
-73.79520859	-0.1532
-73.875056	-0.1513
-73.82847846	-0.1514
-73.84178612	-0.1498
-73.82182392	-0.1532
-73.78190021	-0.15
-73.64215268	-0.1528
-73.75527706	-0.1522
-73.70204498	-0.1502
-73.65546745	-0.1519
-73.7419694	-0.1499
-73.76858544	-0.1502
-73.84843996	-0.1502
-73.70204498	-0.1512
-73.78855404	-0.1488
-73.64215268	-0.1503
-73.71535336	-0.1519
-73.64215268	-0.15
-73.7419694	-0.1527
-73.64215268	-0.1519
-73.75527706	-0.1527
-73.71535336	-0.1504
-73.84843996	-0.1515
-73.72200719	-0.1498
-73.70204498	-0.1508
-73.77524638	-0.1507
-73.84178612	-0.1507
-73.69539115	-0.1499
-73.82182392	-0.1522
-73.82182392	-0.1504
-73.72866102	-0.1495
-73.70869953	-0.1517
-73.82182392	-0.1498
-73.78190021	-0.1509
-73.79520859	-0.1517
-73.84178612	-0.1518
-73.71535336	-0.151
-73.88171054	-0.1523
-73.78855404	-0.1532
-73.79520859	-0.1505
-73.79520859	-0.1514
-73.78190021	-0.1499
-73.79520859	-0.149
-73.84178612	-0.1532
-73.7419694	-0.1505
-73.69539115	-0.1507
-73.7419694	-0.1507
-73.74862323	-0.1504
-73.63549813	-0.1493
-73.69539115	-0.1508
-73.7419694	-0.1512
-73.79520859	-0.1507
-73.73531557	-0.1509
-73.86174833	-0.1493
-73.69539115	-0.1519
-73.74862323	-0.1522
-73.66877511	-0.1498
-73.79520859	-0.1504
-73.78190021	-0.1509
-73.79520859	-0.1514
-73.82182392	-0.1525
-73.76193161	-0.1524
-73.73531557	-0.1505
-73.80851625	-0.1517
-73.72200719	-0.1509
-73.81517008	-0.1513
-73.66212128	-0.1503
-73.81517008	-0.1528
-73.72200719	-0.1493
-73.74862323	-0.1519
-73.78855404	-0.1512
-73.74862323	-0.1527
-73.75527706	-0.1512
-73.78855404	-0.1507
-73.81517008	-0.1537
-73.74862323	-0.1533
-73.66877511	-0.1517
-73.77524638	-0.1498
-73.75527706	-0.1532
-73.84178612	-0.1515
-73.80851625	-0.1512
-73.80851625	-0.1517
-73.67542965	-0.1498
-73.78190021	-0.1493
-73.76193161	-0.1512
-73.76858544	-0.1514
-73.82847846	-0.1497
-73.76858544	-0.1505
-73.74862323	-0.1507
-73.77524638	-0.1533
-73.84843996	-0.1498
-73.75527706	-0.1529
-73.71535336	-0.1522
-73.78190021	-0.1498
-73.65546745	-0.1527
-73.84178612	-0.1505
-73.72866102	-0.1499
-73.82847846	-0.1495
-73.74862323	-0.153
-73.78855404	-0.1508
-73.75527706	-0.1515
-73.71535336	-0.1532
-73.79520859	-0.1513
-73.72866102	-0.1515
-73.75527706	-0.153
-73.72866102	-0.152
-73.67542965	-0.1519
-73.66877511	-0.1524
-73.66877511	-0.1529
-73.72866102	-0.1507
-73.67542965	-0.1513
-73.64215268	-0.1505
-73.70869953	-0.1517
-73.68873732	-0.1508
-73.73531557	-0.151
-73.63549813	-0.1508
-73.7419694	-0.1513
-73.67542965	-0.1525
-73.73531557	-0.1503
-73.74862323	-0.15
-73.6288443	-0.1514
-73.65546745	-0.1509
-73.71535336	-0.1527
-73.82182392	-0.1509
-73.78190021	-0.1519
-73.69539115	-0.1507
-73.72866102	-0.1509
-73.71535336	-0.1527
-73.88171054	-0.1508
-73.80186242	-0.1523
-73.76858544	-0.1527
-73.74862323	-0.1513
-73.76858544	-0.1508
-73.70204498	-0.1505
-73.79520859	-0.1518
-73.74862323	-0.1498
-73.77524638	-0.1498
-73.66877511	-0.1527
-73.74862323	-0.1518
-73.66877511	-0.1509
-73.71535336	-0.152
-73.78855404	-0.1505
-73.75527706	-0.1527
-73.78190021	-0.1503
-73.7419694	-0.1502
-73.76858544	-0.1522
-73.74862323	-0.1517
-73.79520859	-0.1503
-73.79520859	-0.1512
-73.66877511	-0.1513
-73.70204498	-0.151
-73.73531557	-0.1505
-73.79520859	-0.1517
-73.84843996	-0.15
-73.76858544	-0.1519
-73.72200719	-0.1517
-73.74862323	-0.1517
-73.66877511	-0.1515
-73.7419694	-0.1509
-73.81517008	-0.1502
-73.7419694	-0.1503
-73.72866102	-0.1507
-73.7419694	-0.1517
-73.76858544	-0.1517
-73.73531557	-0.1495
-73.80186242	-0.1507
-73.79520859	-0.1523
-73.7419694	-0.1507
-73.7419694	-0.1495
-73.73531557	-0.151
-73.79520859	-0.1517
-73.74862323	-0.1523
-73.79520859	-0.1508
-73.70869953	-0.1505
-73.74862323	-0.1507
-73.66877511	-0.1508
-73.69539115	-0.1527
-73.75527706	-0.1502
-73.80186242	-0.1497
-73.79520859	-0.1498
-73.64215268	-0.1527
-73.77524638	-0.1532
-73.78855404	-0.1533
-73.76193161	-0.1513
-73.76858544	-0.1509
-73.66212128	-0.1498
-73.72866102	-0.1495
-73.76858544	-0.1515
-73.67542965	-0.1502
-73.64880651	-0.1517
-73.61553663	-0.1509
-73.82182392	-0.1522
-73.69539115	-0.1498
-73.7419694	-0.1497
-73.71535336	-0.1545
-73.75527706	-0.1498
-73.7419694	-0.1488
-73.69539115	-0.1512
-73.76858544	-0.1523
-73.64880651	-0.1523
-73.59557443	-0.1502
-73.72200719	-0.1527
-73.76193161	-0.1498
-73.71535336	-0.1498
-73.58892059	-0.1522
-73.70204498	-0.1498
-73.68873732	-0.1519
-73.7419694	-0.1507
-73.72200719	-0.1515
-73.64880651	-0.15
-73.68208349	-0.1499
-73.875056	-0.1498
-73.70869953	-0.1502
-73.71535336	-0.15
-73.8550945	-0.1522
-73.76193161	-0.15
-73.75527706	-0.1522
-73.66212128	-0.149
-73.76858544	-0.1513
-73.79520859	-0.1499
-73.71535336	-0.1495
-73.79520859	-0.1503
-73.68873732	-0.1517
-73.7419694	-0.1518
-73.64215268	-0.1515
-73.7419694	-0.1509
-73.72866102	-0.1517
-73.65546745	-0.1523
-73.63549813	-0.1498
-73.78190021	-0.1533
-73.64215268	-0.1498
-73.72200719	-0.1499
-73.76858544	-0.1508
-73.66877511	-0.1512
-73.82182392	-0.1503
-73.70204498	-0.1495
-73.70204498	-0.1498
-73.76193161	-0.1522
-73.64880651	-0.1504
-73.69539115	-0.1498
-73.76858544	-0.1505
-73.70204498	-0.1503
-73.7419694	-0.1498
-73.66877511	-0.1515
-73.76858544	-0.1503
-73.72866102	-0.1509
-73.79520859	-0.1505
-73.69539115	-0.1498
-73.72866102	-0.1515
-73.7419694	-0.1522
-73.59557443	-0.1515
-73.71535336	-0.15
-73.75527706	-0.1523
-73.71535336	-0.1527
-73.72866102	-0.1519
-73.66877511	-0.1519
-73.70869953	-0.152
-73.71535336	-0.1529
-73.72200719	-0.1532
-73.82182392	-0.1505
-73.77524638	-0.1514
-73.58892059	-0.1505
-73.66212128	-0.1517
-73.52237374	-0.1502
-73.64215268	-0.1522
-73.69539115	-0.1517
-73.69539115	-0.1522
-73.79520859	-0.1532
-73.66877511	-0.1512
-73.7419694	-0.1505
-73.72200719	-0.1498
-73.79520859	-0.1532
-73.71535336	-0.1517
-73.78855404	-0.1503
-73.7419694	-0.1533
-73.70204498	-0.1509
-73.66212128	-0.152
-73.74862323	-0.1519
-73.77524638	-0.1507
-73.70204498	-0.1519
-73.6288443	-0.1517
-73.68208349	-0.1532
-73.76858544	-0.1515
-73.71535336	-0.152
-73.68873732	-0.15
-73.68873732	-0.1522
-73.61553663	-0.1502
-73.62219047	-0.1527
-73.79520859	-0.1498
-73.6288443	-0.1503
-73.68873732	-0.1519
-73.66877511	-0.15
-73.66877511	-0.1514
-73.7419694	-0.1504
-73.72866102	-0.1517
-73.71535336	-0.151
-73.72200719	-0.1508
-73.66212128	-0.1498
-73.70869953	-0.1514
-73.68873732	-0.1517
-73.64215268	-0.1503
-73.76858544	-0.1517
-73.66212128	-0.1527
-73.75527706	-0.1503
-73.70204498	-0.1517
-73.68873732	-0.1509
-73.53568851	-0.1502
-73.78855404	-0.1508
-73.68873732	-0.1514
-73.67542965	-0.1515
-73.56230455	-0.151
-73.62219047	-0.1513
-73.71535336	-0.1495
-73.52237374	-0.1514
-73.68873732	-0.1502
-73.68208349	-0.1522
-73.6288443	-0.1508
-73.67542965	-0.1505
-73.66877511	-0.1523
-73.30943831	-0.1509
-72.84363096	-0.1492
-72.53087241	-0.1492
-71.99852461	-0.1477
-71.43289982	-0.1482
-70.89389107	-0.1472
-70.33492722	-0.1474
-69.77595698	-0.1457
-69.29684125	-0.1454
-68.57816766	-0.1443
-68.00588904	-0.1429
-67.54673552	-0.1408
-67.16078268	-0.1412
-66.71493683	-0.1412
-66.19589739	-0.1399
-65.75005154	-0.1397
-64.90494518	-0.1374
-64.48572247	-0.1374
-64.01326058	-0.1364
-63.39440442	-0.1359
-63.1082612	-0.1349
-62.66907628	-0.1349
-61.9703649	-0.1337
-61.84393214	-0.1337
-61.56444346	-0.1339
-61.18514446	-0.1337
-60.75261408	-0.1317
-60.36000031	-0.1295
-59.72118123	-0.1302
-59.34853677	-0.1307
-58.90269092	-0.1283
-58.62986318	-0.1286
-58.03096497	-0.1273
-57.73817573	-0.1266
-56.85314141	-0.1241
-56.42060393	-0.1233
-56.16108386	-0.1249
-55.78178485	-0.122
-55.26274187	-0.1214
-54.68380941	-0.1216
-54.18473148	-0.12
-53.77215976	-0.1201
-53.28638949	-0.1179
-52.8804716	-0.1194
-52.6608795	-0.1176
-51.98212961	-0.1176
-51.59617678	-0.1148
-51.097096	-0.1158
-50.63129149	-0.114
-50.1122485	-0.113
-49.99246957	-0.1129
-49.38026724	-0.1125
-49.21390651	-0.1133
-48.74809916	-0.1098
-48.48857909	-0.1106
-47.9229543	-0.1094
-47.37064144	-0.1096
-47.08450178	-0.1083
-46.69189511	-0.1061
-46.34586669	-0.1055
-46.05972702	-0.1068
-45.57395746	-0.104
-45.2212745	-0.1045
-44.76877481	-0.1035
-44.19649974	-0.1008
-43.75065389	-0.1016
-43.53106178	-0.1009
-43.0785621	-0.1006
-42.8323504	-0.1003
-42.46635977	-0.1006
-42.08040338	-0.0973
-41.71441275	-0.0979
-41.42827309	-0.0961
-40.91588749	-0.0991
-40.77614635	-0.0966
-40.30368516	-0.0941
-40.03581103	-0.0933
-39.37702691	-0.0938
-39.14412359	-0.0913
-38.79809445	-0.0915
-38.42212272	-0.0921
-37.98958879	-0.089
-37.64688694	-0.0916
-37.01471885	-0.0893
-36.68532821	-0.0896
-36.45907872	-0.0876
-36.08643355	-0.0864
-35.90011132	-0.0856
-35.17811116	-0.0856
-34.92524137	-0.0841
-34.52598087	-0.0828
-34.25980341	-0.0815
-33.93374004	-0.0826
-33.49455228	-0.0805
-33.04870643	-0.0791
-32.6827158	-0.0806
-32.26348954	-0.0778
-32.00396947	-0.0776
-31.72781091	-0.0761
-31.36847411	-0.0763
-31.00248348	-0.0749
-30.87937799	-0.0737
-30.3503539	-0.0727
-29.78472911	-0.0714
-29.63833414	-0.0729
-29.37548751	-0.0707
-28.99285768	-0.0714
-28.73666488	-0.0696
-28.41392736	-0.0709
-28.09784296	-0.0694
-27.72187123	-0.0681
-27.11632131	-0.0686
-26.92999837	-0.0659
-26.54071684	-0.0664
-26.26123385	-0.0644
-26.07491091	-0.0656
-25.73220905	-0.0627
-25.1000431	-0.0636
-25.15660529	-0.0631
-24.74736013	-0.0625
-24.35807861	-0.0587
-24.05197744	-0.0612
-23.61278755	-0.0585
-23.35992202	-0.0586
-23.22683329	-0.0592
-22.54808554	-0.0581
-22.35843604	-0.0542
-22.05566144	-0.0556
-21.64641628	-0.0537
-21.51000241	-0.0536
-21.21388235	-0.0535
-21.05417545	-0.0534
-20.63494919	-0.0519
-20.1525069	-0.0497
-19.86240904	-0.0514
-19.52303587	-0.0511
-19.26018782	-0.0484
-18.73948226	-0.0459
-18.41840802	-0.0476
-18.18051344	-0.0446
-17.9259825	-0.0441
-17.71470609	-0.0441
-17.2988071	-0.0444
-17.1074936	-0.0412
-16.48364476	-0.0422
-16.19916909	-0.0401
-15.95462067	-0.0415
-15.55868531	-0.039
-15.10452376	-0.0367
-14.80008588	-0.0391
-14.6852975	-0.0367
-14.33427853	-0.0357
-13.97327845	-0.0361
-13.63390457	-0.035
-13.38769146	-0.0329
-12.8353786	-0.0326
-12.48103235	-0.0304
-12.30302724	-0.0316
-11.92871807	-0.0297
-11.70579657	-0.0285
-11.46457471	-0.0277
-11.02372154	-0.0306
-10.77584585	-0.027
-10.4231636	-0.026
-10.16031484	-0.0275
-9.773179728	-0.0239
-9.57188442	-0.0231
-9.318185475	-0.0231
-8.952194846	-0.0221
-8.666888598	-0.0229
-8.403207838	-0.0225
-8.221044164	-0.0201
-7.708657142	-0.0208
-7.456622187	-0.0206
-7.096453396	-0.0171
-6.869372622	-0.0185
-6.664750043	-0.0161
-6.281291062	-0.0156
-6.191456863	-0.0147
-5.687386954	-0.0156
-5.368808701	-0.0136
-5.283133058	-0.0138
-4.849766425	-0.0126
-4.536178014	-0.0112
-4.060389557	-0.0095
-3.868244069	-0.0083
-3.666116766	-0.0107
-3.35169778	-0.0085
-3.150402472	-0.0065
-2.712876572	-0.0075
-2.499104174	-0.0037
-2.212133935	-0.0055
-1.857787691	-0.0056
-1.663146926	-0.0036
-1.500114886	-0.0036
-1.160741008	-0.0025
-0.783104574	-0.0016
-0.708242742	0.0002
-0.719887837	-0.0036
-0.656671099	-0.0013
-0.759814384	-0.0013
-0.694934366	0.0018
-0.724879099	-0.0018
-0.645858	-0.0011
-0.761477665	-0.0026
-0.771459479	-0.0005
-0.78393657	-0.0016
-0.652512543	-0.0016
-0.790591113	-0.0011
-0.656671099	-0.0012
-0.795581665	-0.0026
-0.752327846	-0.0021
-0.750664565	-0.0021
-0.77312276	-0.0011
-0.714897285	-0.0002
-0.702420194	-0.0006
-0.694934366	-0.0005
-0.708242742	-0.001
-0.669980185	-0.0011
-0.744010022	-0.0021
-0.734028918	-0.0002
-0.665820918	-0.0026
-0.722383113	-0.0011
-0.699092923	-0.0008
-0.769796199	-0.002
-0.747337294	-0.0016
-0.78393657	-0.0015
-0.686615832	-0.0026
-0.70325219	-0.0002
-0.652512543	-0.0017
-0.782273289	-0.0036
-0.679130004	-0.0002
-0.745674013	-0.0023
-0.794749669	0.0003
-0.801404212	-0.0016
-0.767300923	-0.0016
-0.689111819	-0.0013
-0.714897285	-0.0007
-0.793918384	-0.0017
-0.748169289	-0.0006
-0.696597647	-0.0028
-0.813049307	-0.0016
-0.787263841	-0.0001
-0.812218022	-0.0021
-0.717392561	-0.0013
-0.771459479	-0.0015
-0.865452945	0.0003
-0.724879099	-0.0012
-0.744842018	-0.0001
-0.775618746	-0.0015
-0.676634728	-0.0015
-0.768964203	-0.0016
-0.691607095	-0.0032
-0.677466724	-0.0025
-0.721551828	-0.0018
-0.659166375	-0.0012
-0.770627484	-0.0007
-0.679130004	-0.0006
-0.72654238	-0.0011
-0.826358393	-0.0016
-0.791422398	-0.0007
-0.694934366	-0.0007
-0.732364927	-0.0007
-0.781441294	-0.0008
-0.813049307	-0.0007
-0.772291475	-0.0012
-0.818039859	-0.0007
-0.801404212	-0.0011
-0.720719832	-0.0008
-0.763141656	-0.0021
-0.710738018	-0.0007
-0.774786751	-0.0025
-0.742346742	-0.0002
-0.811386027	-0.0033
-0.506947434	-0.0016
-0.798908936	0.0002
-0.738187475	-0.0013
-0.746505298	-0.0013
-0.689943104	-0.0003
-0.824694402	-0.0012
-0.738187475	-0.001
-0.68162528	-0.0007
-0.734028918	-0.0015
-0.66914819	-0.0036
-0.668316905	-0.0026
-0.73735619	-0.0016
-0.787263841	-0.0002
-0.709074737	-0.0023
-0.759814384	-0.0018
-0.768964203	-0.0028
-0.696597647	-0.0016
-0.781441294	-0.0016
-0.766468927	0.0002
-0.791422398	-0.001
-0.701588199	0.0003
-0.747337294	-0.0021
-0.808890751	-0.0012
-0.77312276	-0.0011
-0.818039859	-0.0016
-0.749001285	-0.0022
-0.605931452	-0.0025
-0.660830366	-0.0016
-0.736524194	-0.0007
-0.793086389	-0.0013
-0.698261638	-0.0027
-0.656671099	-0.0008
-0.693270375	-0.0008
-0.701588199	-0.0005
-0.771459479	-0.0012
-0.734860203	-0.0005
-0.724879099	-0.002
-0.832180941	-0.0003
-0.789759117	-0.0008
-0.708242742	-0.0026
-0.834676217	-0.0026
-0.742346742	-0.0036
-0.644194719	-0.0016
-0.609258724	-0.0016
-0.708242742	-0.0016
-0.751496561	-0.0001
-0.688279823	-0.0003
-0.771459479	-0.0016
-0.712402009	-0.0016
-0.738187475	-0.0021
-0.684952552	-0.0003
-0.828021674	-0.0026
-0.683289271	0.0003
-0.743178737	0.001
-0.844658031	-0.0007
-0.744010022	-0.0007
-0.653343828	-0.0006
-0.734860203	0.0003
-0.860462393	-0.0007
-0.828021674	0.0003
