SI Load [lb]	SI Stroke [in]
-1.0654	-1.4551
-1.1826	-1.4532
-2.2374	-1.4534
-1.0654	-1.455
-0.1278	-1.454
-3.8782	-1.4542
-2.1202	-1.4552
-2.4718	-1.454
-0.5966	-1.4535
-0.9482	-1.454
-0.9482	-1.4532
-4.347	-1.4552
-0.7138	-1.4526
-2.003	-1.454
-2.4718	-1.454
-3.4094	-1.4547
-0.1278	-1.4557
-0.7138	-1.455
-1.0654	-1.4566
-1.6514	-1.4552
-0.3622	-1.4542
-1.0654	-1.4564
-1.1826	-1.4546
-1.7686	-1.456
-3.8782	-1.4571
-1.7686	-1.4559
-2.003	-1.4579
-0.7138	-1.4552
-0.7138	-1.4569
-0.831	-1.4569
-1.6514	-1.4581
-3.4094	-1.4575
-3.4094	-1.459
-2.2374	-1.4556
-1.7686	-1.4587
-1.7686	-1.4572
-3.4094	-1.4591
-3.4094	-1.4582
-3.8782	-1.4595
-3.9955	-1.4581
-3.8782	-1.46
-3.2922	-1.46
-2.589	-1.4584
-0.7138	-1.4591
-1.1826	-1.4591
-4.347	-1.4607
-2.589	-1.461
-0.7138	-1.4609
-4.347	-1.4604
-4.347	-1.4609
-2.9406	-1.4615
-4.347	-1.4605
-3.2922	-1.4599
-5.2847	-1.4615
-3.2922	-1.462
-3.2922	-1.4616
-2.589	-1.461
-3.2922	-1.4612
-4.347	-1.462
-2.4718	-1.4629
-2.7062	-1.4625
-3.8782	-1.4634
-4.347	-1.4619
-4.347	-1.4632
-2.4718	-1.4621
-3.0578	-1.4636
-3.9955	-1.464
-6.1051	-1.4624
-4.347	-1.4635
-3.5266	-1.464
-6.6911	-1.4639
-4.2299	-1.4642
-6.2223	-1.4641
-5.7535	-1.4646
-8.0975	-1.4641
-2.9406	-1.4646
-4.347	-1.4662
-3.8782	-1.4662
-4.347	-1.4654
-4.347	-1.4655
-3.8782	-1.4646
-7.3943	-1.466
-4.347	-1.4672
-4.347	-1.466
-4.347	-1.4662
-4.347	-1.467
-5.9879	-1.4664
-6.1051	-1.468
-5.4019	-1.4659
-5.9879	-1.4657
-8.0975	-1.4675
-4.347	-1.4656
-6.6911	-1.467
-6.1051	-1.468
-5.8707	-1.468
-7.8631	-1.4685
-5.4019	-1.4695
-6.6911	-1.469
-7.3943	-1.4672
-6.4567	-1.4697
-5.9879	-1.4692
-4.347	-1.47
-5.2847	-1.4679
-5.7535	-1.471
-6.3395	-1.4691
-4.347	-1.471
-6.5739	-1.4691
-6.6911	-1.4705
-4.347	-1.471
-7.2771	-1.4704
-6.4567	-1.4691
-6.8083	-1.4691
-7.6287	-1.4705
-7.2771	-1.471
-7.3943	-1.4711
-8.0975	-1.4711
-7.0427	-1.4726
-6.5739	-1.4707
-6.3395	-1.473
-8.5664	-1.4711
-5.5191	-1.4727
-7.8631	-1.4712
-9.9728	-1.4722
-9.0352	-1.4722
-8.6836	-1.4722
-8.3319	-1.4736
-7.8631	-1.4721
-11.4965	-1.4726
-8.4492	-1.4724
-7.746	-1.4736
-9.6212	-1.4745
-6.4567	-1.4731
-8.0975	-1.474
-8.0975	-1.4734
-8.0975	-1.474
-7.6287	-1.4749
-8.5664	-1.4742
-10.9104	-1.4745
-7.6287	-1.4755
-9.2696	-1.476
-8.0975	-1.475
-8.6836	-1.475
-7.2771	-1.475
-9.7384	-1.4756
-7.746	-1.4771
-9.7384	-1.476
-6.3395	-1.4775
-7.746	-1.4767
-8.918	-1.476
-9.0352	-1.4747
-8.2148	-1.4757
-9.8556	-1.4746
-8.2148	-1.4761
-10.4416	-1.478
-10.4416	-1.4766
-8.3319	-1.4775
-9.9728	-1.4774
-10.5588	-1.4777
-9.8556	-1.4785
-10.7932	-1.4782
-9.3868	-1.4776
-9.9728	-1.478
-10.09	-1.4774
-8.4492	-1.479
-11.0276	-1.4795
-9.8556	-1.4795
-8.4492	-1.4781
-10.4416	-1.4802
-10.9104	-1.481
-9.1524	-1.4801
-10.2072	-1.4804
-12.7857	-1.48
-11.1448	-1.4805
-11.3792	-1.4804
-9.7384	-1.4791
-13.8405	-1.482
-14.3093	-1.4817
-12.7857	-1.4815
-12.5513	-1.4814
-9.7384	-1.481
-11.848	-1.4815
-9.6212	-1.4811
-11.848	-1.4822
-11.848	-1.4829
-11.0276	-1.4821
-11.848	-1.4834
-13.0201	-1.4825
-11.848	-1.4832
-11.1448	-1.4836
-11.6136	-1.4839
-13.7233	-1.4822
-10.9104	-1.4832
-12.7857	-1.4831
-10.676	-1.4824
-11.848	-1.4851
-11.7309	-1.4821
-13.4889	-1.4834
-11.848	-1.4839
-11.4965	-1.485
-12.7857	-1.4862
-11.4965	-1.4855
-12.0825	-1.486
-12.7857	-1.4841
-12.3169	-1.4862
-13.7233	-1.4875
-13.0201	-1.4865
-12.7857	-1.486
-11.7309	-1.4865
-12.5513	-1.4875
-14.6609	-1.4869
-11.848	-1.487
-12.3169	-1.4871
-12.9029	-1.4864
-14.3093	-1.4856
-15.5986	-1.4869
-12.0825	-1.4861
-12.5513	-1.488
-12.9029	-1.488
-13.3717	-1.4872
-13.3717	-1.4874
-12.9029	-1.488
-13.3717	-1.4877
-12.3169	-1.4876
-12.7857	-1.4889
-12.5513	-1.4905
-13.3717	-1.49
-11.848	-1.4896
-15.3642	-1.4896
-16.0674	-1.4897
-12.9029	-1.49
-13.4889	-1.4901
-17.4738	-1.49
-16.7706	-1.4906
-16.5362	-1.4911
-13.7233	-1.4917
-16.419	-1.4894
-14.1921	-1.4906
-14.1921	-1.4915
-14.6609	-1.492
-14.8953	-1.4919
-16.0674	-1.492
-15.1297	-1.4912
-15.1297	-1.4901
-13.4889	-1.4936
-14.6609	-1.492
-18.9974	-1.492
-15.5986	-1.493
-15.5986	-1.493
-15.3642	-1.4915
-15.2469	-1.494
-16.6534	-1.4917
-15.4813	-1.4939
-16.7706	-1.4935
-14.4265	-1.494
-14.6609	-1.4948
-16.419	-1.4931
-14.8953	-1.496
-16.7706	-1.4945
-15.7157	-1.4945
-17.9426	-1.496
-16.0674	-1.495
-15.7157	-1.4953
-16.1846	-1.4946
-17.1222	-1.4943
-18.4114	-1.4955
-15.9501	-1.495
-15.7157	-1.4965
-16.5362	-1.496
-15.3642	-1.4971
-17.005	-1.4946
-15.5986	-1.4961
-15.3642	-1.497
-18.2942	-1.4968
-18.8803	-1.4966
-14.3093	-1.497
-17.7082	-1.498
-18.9974	-1.4978
-16.419	-1.4978
-16.5362	-1.4956
-16.6534	-1.4966
-15.0125	-1.497
-16.1846	-1.4983
-15.2469	-1.4983
-17.2394	-1.4983
-17.005	-1.4985
-16.7706	-1.4993
-17.9426	-1.499
-19.2318	-1.4991
-16.5362	-1.5
-19.1147	-1.4981
-17.591	-1.501
-17.1222	-1.4995
-18.0598	-1.4995
-17.9426	-1.4994
-14.6609	-1.5
-18.4114	-1.4991
-18.4114	-1.5005
-18.4114	-1.5014
-20.7555	-1.502
-18.0598	-1.4999
-19.3491	-1.5014
-17.005	-1.5025
-17.9426	-1.5015
-16.8878	-1.5025
-17.591	-1.502
-18.5286	-1.5025
-18.4114	-1.5019
-16.5362	-1.503
-17.2394	-1.5039
-18.0598	-1.502
-18.4114	-1.5021
-19.9351	-1.5026
-18.5286	-1.5038
-18.6458	-1.5049
-17.591	-1.5055
-18.5286	-1.503
-19.3491	-1.5031
-20.9899	-1.5046
-17.7082	-1.506
-19.4662	-1.5041
-18.6458	-1.506
-20.1695	-1.504
-17.4738	-1.5061
-21.4587	-1.506
-18.8803	-1.5063
-19.8179	-1.5059
-18.8803	-1.505
-17.4738	-1.5065
-19.9351	-1.5056
-19.7006	-1.5059
-18.6458	-1.507
-19.9351	-1.5051
-20.7555	-1.5076
-18.5286	-1.5073
-21.2243	-1.5063
-17.4738	-1.507
-20.9899	-1.5065
-22.1619	-1.5075
-20.5211	-1.508
-19.3491	-1.5073
-20.7555	-1.5061
-20.6383	-1.5071
-20.9899	-1.5078
-21.9275	-1.51
-20.4039	-1.5084
-20.6383	-1.5098
-19.9351	-1.5083
-19.9351	-1.5078
-20.8727	-1.5086
-20.5211	-1.51
-20.1695	-1.5096
-20.8727	-1.5085
-16.5362	-1.5093
-20.2867	-1.5093
-23.2167	-1.511
-20.7555	-1.5098
-23.0995	-1.5113
-21.3415	-1.5118
-20.2867	-1.5115
-20.4039	-1.5104
-21.1071	-1.511
-21.5759	-1.5125
-20.7555	-1.5115
-20.5211	-1.5115
-20.9899	-1.5123
-21.1071	-1.512
-20.2867	-1.5133
-22.5135	-1.5104
-21.5759	-1.5118
-21.2243	-1.5135
-24.506	-1.514
-22.1619	-1.512
-22.0447	-1.514
-21.6931	-1.514
-20.6383	-1.5135
-22.1619	-1.5153
-24.506	-1.5138
-21.2243	-1.5129
-25.3264	-1.515
-23.4512	-1.5145
-22.3963	-1.5129
-26.85	-1.5159
-24.506	-1.5148
-22.3963	-1.5155
-22.8652	-1.5153
-23.3339	-1.5148
-24.1544	-1.516
-23.4512	-1.5151
-24.0372	-1.517
-25.4436	-1.5153
-25.4436	-1.5163
-25.7952	-1.517
-22.8652	-1.5159
-25.678	-1.5159
-23.4512	-1.5171
-22.5135	-1.5176
-23.5684	-1.5176
-23.2167	-1.5146
-22.8652	-1.5169
-26.1468	-1.5186
-23.5684	-1.5185
-23.0995	-1.519
-24.1544	-1.518
-24.9748	-1.5185
-23.5684	-1.519
-24.9748	-1.5186
-24.0372	-1.5184
-24.0372	-1.5174
-24.7404	-1.5186
-25.4436	-1.5201
-23.5684	-1.5195
-22.2791	-1.5166
-24.3888	-1.5193
-24.506	-1.5215
-25.2092	-1.5194
-24.9748	-1.52
-24.9748	-1.5215
-24.1544	-1.5209
-25.5608	-1.5215
-25.3264	-1.5203
-24.9748	-1.5205
-25.4436	-1.5211
-26.0296	-1.5211
-25.5608	-1.5225
-25.092	-1.522
-25.4436	-1.523
-26.3812	-1.522
-25.5608	-1.5229
-22.8652	-1.5223
-25.4436	-1.523
-24.1544	-1.5229
-24.9748	-1.524
-25.2092	-1.5219
-29.6629	-1.5221
-26.0296	-1.5224
-25.092	-1.5248
-25.678	-1.5234
-26.85	-1.523
-26.4984	-1.5226
-24.9748	-1.5236
-25.678	-1.5245
-26.0296	-1.5251
-28.0221	-1.5231
-27.3189	-1.5253
-28.4909	-1.5246
-26.85	-1.5255
-25.092	-1.5243
-28.0221	-1.5253
-25.678	-1.5253
-26.9673	-1.5265
-26.6156	-1.528
-25.092	-1.5255
-26.4984	-1.5264
-26.7328	-1.526
-27.4361	-1.527
-26.7328	-1.527
-26.9673	-1.528
-27.4361	-1.5266
-28.3737	-1.528
-26.85	-1.5268
-28.7253	-1.5276
-29.4285	-1.5288
-25.4436	-1.5293
-28.7253	-1.5288
-26.4984	-1.529
-26.3812	-1.5299
-27.3189	-1.5266
-30.6005	-1.5268
-27.7877	-1.5285
-29.6629	-1.5286
-28.3737	-1.5303
-26.4984	-1.5283
-26.3812	-1.5289
-27.6705	-1.5301
-27.7877	-1.5316
-27.2017	-1.5293
-28.2565	-1.5305
-28.2565	-1.531
-29.1941	-1.5305
-28.7253	-1.532
-27.6705	-1.532
-31.1866	-1.5318
-28.9597	-1.5306
-28.8425	-1.532
-31.7726	-1.533
-28.7253	-1.5315
-28.3737	-1.5316
-29.8973	-1.532
-28.9597	-1.532
-29.4285	-1.5351
-30.4834	-1.5355
-29.5457	-1.5333
-31.5382	-1.5345
-30.1317	-1.5333
-29.6629	-1.5343
-29.3113	-1.5353
-30.1317	-1.536
-32.4758	-1.535
-31.5382	-1.5358
-29.3113	-1.5346
-30.4834	-1.5365
-29.4285	-1.5366
-31.0694	-1.5369
-29.6629	-1.5351
-32.1242	-1.5365
-31.0694	-1.5361
-32.4758	-1.5375
-31.3038	-1.538
-29.5457	-1.538
-30.2489	-1.5375
-31.421	-1.5385
-32.2414	-1.5359
-32.4758	-1.5385
-30.4834	-1.537
-34.351	-1.5381
-31.5382	-1.5384
-30.7178	-1.5375
-32.4758	-1.5389
-30.3661	-1.538
-29.8973	-1.5398
-33.6478	-1.5391
-32.4758	-1.539
-32.4758	-1.5386
-32.4758	-1.5399
-31.1866	-1.5396
-32.3586	-1.5394
-31.5382	-1.539
-32.1242	-1.5381
-34.1166	-1.541
-34.5854	-1.5401
-31.5382	-1.5406
-32.9446	-1.5405
-32.2414	-1.541
-30.8349	-1.541
-32.4758	-1.5404
-31.421	-1.5414
-32.9446	-1.5415
-33.2962	-1.5439
-32.007	-1.5419
-34.1166	-1.5411
-33.9995	-1.542
-32.9446	-1.5416
-33.8822	-1.542
-31.8898	-1.5414
-32.9446	-1.5429
-32.9446	-1.5429
-32.1242	-1.5433
-32.3586	-1.5445
-33.6478	-1.5435
-34.351	-1.544
-33.2962	-1.544
-34.351	-1.5438
-33.179	-1.5446
-34.8199	-1.5439
-35.0543	-1.5444
-33.2962	-1.545
-35.8747	-1.5455
-34.351	-1.5463
-32.9446	-1.5431
-34.2338	-1.5443
-33.4134	-1.5445
-33.179	-1.5466
-32.9446	-1.5458
-33.6478	-1.5451
-37.1639	-1.5445
-36.6951	-1.546
-33.5306	-1.547
-33.4134	-1.5458
-33.6478	-1.546
-35.1715	-1.5465
-36.6951	-1.548
-33.5306	-1.5469
-33.5306	-1.548
-34.4682	-1.5485
-34.351	-1.5474
-35.2887	-1.5482
-33.9995	-1.5472
-33.4134	-1.5494
-37.1639	-1.5478
-35.6403	-1.5499
-37.3983	-1.5495
-36.3435	-1.55
-34.351	-1.5505
-34.8199	-1.55
-37.6327	-1.552
-38.2187	-1.5517
-38.2187	-1.551
-35.4059	-1.5492
-38.4531	-1.5494
-38.1015	-1.551
-35.4059	-1.5505
-36.4607	-1.552
-36.5779	-1.5497
-35.1715	-1.5513
-35.1715	-1.5512
-36.4607	-1.5504
-35.4059	-1.552
-35.6403	-1.5513
-34.5854	-1.5525
-35.4059	-1.5528
-36.3435	-1.5523
-38.4531	-1.5522
-37.2811	-1.5522
-34.2338	-1.5543
-39.508	-1.5532
-37.9843	-1.5535
-36.5779	-1.554
-39.2736	-1.5529
-37.1639	-1.5542
-38.922	-1.5537
-36.6951	-1.5538
-38.1015	-1.5532
-37.9843	-1.5555
-37.0467	-1.554
-38.1015	-1.5543
-37.3983	-1.5548
-37.1639	-1.5553
-37.9843	-1.5552
-38.3359	-1.556
-36.5779	-1.5553
-39.9768	-1.5567
-38.4531	-1.556
-37.3983	-1.556
-37.8671	-1.556
-38.2187	-1.5569
-39.0392	-1.5562
-36.5779	-1.5575
-38.3359	-1.5567
-41.6176	-1.5568
-38.1015	-1.5562
-37.5155	-1.5565
-36.9295	-1.5585
-37.2811	-1.5588
-38.8048	-1.5569
-38.5704	-1.5583
-40.094	-1.558
-37.8671	-1.558
-38.3359	-1.5588
-38.1015	-1.5587
-41.0316	-1.5593
-38.922	-1.559
-40.4456	-1.5589
-38.5704	-1.5593
-38.4531	-1.5595
-38.922	-1.5582
-38.6876	-1.5597
-38.922	-1.5595
-38.8048	-1.56
-37.6327	-1.5597
-39.7424	-1.5592
-40.5628	-1.5608
-38.1015	-1.5613
-39.6252	-1.5615
-40.7972	-1.5613
-38.6876	-1.5625
-38.4531	-1.5598
-38.8048	-1.5612
-40.094	-1.5628
-41.5004	-1.563
-41.8521	-1.563
-39.7424	-1.562
-40.9144	-1.5607
-39.2736	-1.562
-39.6252	-1.563
-41.266	-1.5635
-40.094	-1.5632
-39.1564	-1.5624
-42.0864	-1.5633
-40.094	-1.5629
-43.2585	-1.565
-41.5004	-1.5634
-41.8521	-1.5655
-40.7972	-1.5643
-40.4456	-1.5639
-41.8521	-1.565
-42.5553	-1.565
-40.9144	-1.5662
-41.6176	-1.5665
-40.7972	-1.5658
-41.6176	-1.5652
-41.8521	-1.5659
-40.3284	-1.5657
-40.4456	-1.5658
-40.3284	-1.5668
-41.0316	-1.566
-40.68	-1.5678
-40.7972	-1.567
-41.266	-1.5685
-44.8993	-1.567
-41.8521	-1.5678
-41.6176	-1.5664
-41.3832	-1.567
-42.6725	-1.5672
-40.3284	-1.5663
-41.5004	-1.569
-43.2585	-1.5678
-41.3832	-1.57
-42.3209	-1.5689
-41.8521	-1.5678
-42.7897	-1.5697
-42.0864	-1.5692
-41.9692	-1.5687
-40.2112	-1.5705
-42.7897	-1.5689
-43.0241	-1.57
-43.0241	-1.5698
-43.3757	-1.5705
-43.7273	-1.5709
-42.7897	-1.5694
-42.5553	-1.571
-42.5553	-1.571
-43.9617	-1.5707
-43.2585	-1.5727
-42.9069	-1.572
-42.7897	-1.5717
-42.4381	-1.5732
-42.3209	-1.5717
-42.9069	-1.5719
-42.0864	-1.5717
-44.7821	-1.5725
-44.6649	-1.573
-42.9069	-1.5728
-43.6101	-1.5734
-43.8445	-1.5717
-43.4929	-1.5722
-43.1413	-1.574
-44.6649	-1.574
-42.9069	-1.5732
-44.1961	-1.5738
-44.0789	-1.5739
-44.6649	-1.575
-44.6649	-1.575
-45.3681	-1.5737
-46.6574	-1.5755
-44.8993	-1.5749
-45.1337	-1.575
-45.4853	-1.5753
-44.3133	-1.575
-46.0714	-1.5747
-45.3681	-1.5765
-43.2585	-1.5767
-44.6649	-1.5773
-47.8294	-1.577
-45.1337	-1.5759
-44.7821	-1.5783
-47.4778	-1.5768
-45.2509	-1.579
-45.6025	-1.578
-44.8993	-1.5775
-44.8993	-1.577
-44.6649	-1.578
-45.9541	-1.5773
-47.4778	-1.5788
-47.4778	-1.5777
-46.0714	-1.5789
-48.2982	-1.578
-46.6574	-1.5777
-46.5402	-1.578
-44.7821	-1.5782
-45.3681	-1.5798
-45.3681	-1.5799
-46.7746	-1.5782
-45.1337	-1.5815
-48.0638	-1.58
-46.3058	-1.58
-45.6025	-1.5794
-46.3058	-1.58
-46.0714	-1.5803
-47.009	-1.581
-47.7122	-1.5817
-48.4154	-1.5803
-47.3606	-1.582
-47.7122	-1.5824
-48.2982	-1.5818
-46.423	-1.5812
-49.353	-1.582
-47.4778	-1.5822
-46.6574	-1.5804
-47.4778	-1.5808
-47.2434	-1.582
-48.8842	-1.5818
-46.5402	-1.5835
-46.0714	-1.584
-46.5402	-1.5827
-46.7746	-1.5819
-47.9466	-1.583
-47.4778	-1.5818
-48.181	-1.584
-50.2907	-1.5853
-47.3606	-1.5838
-48.2982	-1.5842
-48.8842	-1.586
-47.3606	-1.5835
-46.5402	-1.5849
-46.1886	-1.5852
-47.7122	-1.5858
-48.6498	-1.5852
-47.3606	-1.585
-48.4154	-1.5845
-48.181	-1.586
-50.8767	-1.586
-47.9466	-1.5868
-48.767	-1.5858
-48.8842	-1.5858
-49.5874	-1.5873
-49.939	-1.5865
-50.7595	-1.5853
-49.939	-1.5885
-48.8842	-1.5872
-49.4702	-1.5878
-48.8842	-1.5874
-49.353	-1.5862
-47.7122	-1.5889
-48.5326	-1.5882
-49.353	-1.5877
-50.4079	-1.5895
-50.9939	-1.5889
-49.353	-1.5889
-49.0014	-1.588
-50.7595	-1.59
-48.8842	-1.589
-49.8219	-1.5895
-49.4702	-1.5894
-49.0014	-1.5893
-48.2982	-1.5895
-49.8219	-1.5894
-52.2831	-1.5905
-49.8219	-1.591
-49.353	-1.5897
-50.5251	-1.5914
-51.4627	-1.5905
-49.353	-1.5917
-51.5799	-1.5918
-52.6347	-1.5915
-47.7122	-1.5927
-52.8691	-1.592
-50.7595	-1.5925
-50.2907	-1.592
-49.353	-1.5913
-49.4702	-1.5923
-51.2283	-1.5923
-50.7595	-1.5909
-50.0563	-1.5922
-50.8767	-1.5929
-49.1186	-1.5923
-52.9863	-1.5912
-51.3455	-1.5933
-51.4627	-1.594
-51.6971	-1.595
-50.2907	-1.593
-53.5724	-1.5942
-51.9315	-1.5937
-51.4627	-1.5953
-50.7595	-1.5944
-56.1508	-1.596
-50.5251	-1.5959
-51.3455	-1.596
-50.6423	-1.596
-52.0487	-1.5945
-51.5799	-1.596
-53.1035	-1.5965
-52.2831	-1.597
-50.6423	-1.596
-52.2831	-1.5957
-52.0487	-1.598
-52.2831	-1.598
-53.5724	-1.5975
-52.2831	-1.5983
-52.9863	-1.598
-53.5724	-1.5964
-52.7519	-1.5975
-52.5175	-1.5967
-55.682	-1.5964
-53.6896	-1.5973
-51.9315	-1.5979
-53.8068	-1.5979
-52.1659	-1.6
-53.2207	-1.6
-55.7992	-1.5987
-53.6896	-1.599
-53.4551	-1.5977
-52.1659	-1.5997
-53.1035	-1.5985
-54.7444	-1.5985
-55.9164	-1.599
-53.2207	-1.5985
-52.9863	-1.6002
-53.3379	-1.5992
-53.8068	-1.5995
-53.3379	-1.6011
-52.4003	-1.5998
-54.0412	-1.5999
-54.0412	-1.6021
-53.924	-1.6007
-53.1035	-1.5997
-54.1584	-1.6023
-54.7444	-1.6005
-53.2207	-1.6021
-53.924	-1.6021
-54.1584	-1.6031
-56.854	-1.6041
-54.3928	-1.6017
-55.9164	-1.6032
-54.0412	-1.6022
-56.854	-1.6026
-55.4476	-1.6041
-55.096	-1.6041
-54.9788	-1.6042
-54.1584	-1.6029
-57.0884	-1.6036
-54.2756	-1.6056
-55.2132	-1.6036
-56.1508	-1.6056
-56.268	-1.6046
-54.6272	-1.6048
-54.51	-1.6043
-54.6272	-1.6048
-58.7293	-1.6046
-59.0809	-1.6037
-55.4476	-1.6049
-56.854	-1.6061
-55.7992	-1.6049
-55.096	-1.6058
-56.854	-1.6081
-55.2132	-1.6071
-54.51	-1.6052
-54.2756	-1.6062
-55.7992	-1.6076
-56.854	-1.6091
-56.7368	-1.6078
-56.854	-1.6064
-55.7992	-1.6074
-56.5024	-1.6081
-57.6745	-1.6082
-56.3852	-1.6081
-55.7992	-1.6089
-60.6045	-1.6081
-56.854	-1.6078
-55.9164	-1.6078
-59.4325	-1.6103
-55.7992	-1.6106
-56.9712	-1.6084
-58.7293	-1.6087
-58.6121	-1.6099
-56.0336	-1.6098
-58.4949	-1.6101
-59.6669	-1.6106
-56.5024	-1.6102
-57.4401	-1.6093
-57.9089	-1.6097
-57.3229	-1.6087
-57.9089	-1.6099
-56.7368	-1.6089
-56.0336	-1.6101
-55.7992	-1.6097
-55.5648	-1.6106
-56.9712	-1.6096
-57.5573	-1.6103
-56.9712	-1.6117
-59.4325	-1.6104
-57.7917	-1.6103
-56.1508	-1.6118
-58.2605	-1.6099
-57.2056	-1.6107
-57.0884	-1.6087
-57.9089	-1.6103
-58.0261	-1.6111
-55.9164	-1.6116
-57.2056	-1.6092
-56.6196	-1.6096
-57.7917	-1.6094
-57.6745	-1.6099
-56.9712	-1.6111
-58.1433	-1.6103
-56.1508	-1.6102
-56.3852	-1.6082
-58.0261	-1.6108
-56.0336	-1.6094
-58.7293	-1.6106
-57.5573	-1.6088
-58.2605	-1.6116
-57.2056	-1.6104
-54.6272	-1.6089
-62.011	-1.6094
-58.9637	-1.6111
-56.7368	-1.6089
-56.9712	-1.6106
-57.3229	-1.6093
-56.7368	-1.6107
-58.9637	-1.6092
-56.9712	-1.6108
-58.4949	-1.6111
-58.0261	-1.6087
-57.3229	-1.6121
-56.0336	-1.6097
-58.2605	-1.6103
-57.6745	-1.6121
-58.4949	-1.6101
-55.9164	-1.6106
-56.1508	-1.6092
-55.3304	-1.6101
-56.854	-1.6106
-54.7444	-1.6094
-56.0336	-1.6101
-56.3852	-1.6091
-59.6669	-1.6091
-55.5648	-1.6071
-56.854	-1.6062
-55.7992	-1.6092
-55.9164	-1.6081
-56.3852	-1.6091
-55.096	-1.6081
-55.5648	-1.6086
-54.8616	-1.6073
-55.096	-1.6068
-56.6196	-1.6079
-56.268	-1.6066
-57.2056	-1.6058
-56.854	-1.6076
-55.9164	-1.6059
-56.3852	-1.6061
-56.3852	-1.6068
-55.096	-1.6046
-58.3777	-1.6049
-54.8616	-1.6051
-53.2207	-1.6059
-55.4476	-1.6054
-56.854	-1.6034
-55.4476	-1.6056
-55.9164	-1.6032
-54.2756	-1.6053
-54.6272	-1.6056
-54.7444	-1.6036
-54.51	-1.6041
-56.5024	-1.6046
-56.3852	-1.6034
-54.0412	-1.6031
-55.4476	-1.6031
-54.51	-1.6036
-54.8616	-1.6029
-54.3928	-1.6017
-56.854	-1.6017
-54.0412	-1.6031
-54.6272	-1.6038
-54.0412	-1.6026
-55.3304	-1.6013
-54.51	-1.6026
-55.2132	-1.6021
-54.1584	-1.6011
-54.9788	-1.6012
-53.2207	-1.6009
-53.4551	-1.6013
-53.924	-1.6007
-53.4551	-1.6027
-53.1035	-1.6023
-54.9788	-1.6011
-53.6896	-1.5997
-52.4003	-1.6
-53.4551	-1.6013
-52.7519	-1.5998
-55.2132	-1.5995
-53.6896	-1.5989
-53.2207	-1.6007
-52.9863	-1.5983
-52.0487	-1.5985
-52.2831	-1.597
-52.0487	-1.5992
-56.0336	-1.5972
-52.0487	-1.5972
-53.1035	-1.5985
-53.3379	-1.5963
-53.2207	-1.5978
-52.1659	-1.597
-54.2756	-1.5973
-52.6347	-1.5973
-52.0487	-1.598
-55.4476	-1.596
-53.6896	-1.598
-55.4476	-1.5977
-52.8691	-1.5977
-54.0412	-1.596
-53.924	-1.596
-52.1659	-1.596
-55.4476	-1.596
-53.1035	-1.5954
-53.2207	-1.5953
-51.6971	-1.5947
-52.8691	-1.595
-54.51	-1.5943
-54.0412	-1.5955
-52.0487	-1.5937
-52.9863	-1.596
-51.2283	-1.5952
-50.4079	-1.594
-50.1735	-1.5943
-50.9939	-1.5955
-52.7519	-1.596
-52.1659	-1.5939
-49.353	-1.5927
-51.2283	-1.5938
-53.5724	-1.5917
-53.3379	-1.5923
-51.4627	-1.5925
-49.939	-1.5935
-50.2907	-1.592
-49.5874	-1.592
-50.4079	-1.5935
-49.939	-1.5918
-51.2283	-1.5913
-50.5251	-1.5907
-50.2907	-1.5917
-50.8767	-1.5929
-49.8219	-1.5902
-50.4079	-1.5925
-48.8842	-1.591
-48.6498	-1.5919
-50.2907	-1.591
-50.9939	-1.5902
-48.8842	-1.5904
-49.0014	-1.591
-50.4079	-1.5903
-49.0014	-1.5882
-47.7122	-1.5887
-49.353	-1.5905
-50.4079	-1.5908
-48.767	-1.5899
-49.353	-1.588
-50.1735	-1.5904
-49.353	-1.5885
-49.4702	-1.588
-49.8219	-1.588
-47.7122	-1.588
-48.6498	-1.5887
-48.8842	-1.588
-48.8842	-1.588
-49.0014	-1.5873
-49.0014	-1.587
-49.2358	-1.5862
-49.1186	-1.5857
-47.9466	-1.5873
-51.6971	-1.5878
-49.353	-1.5873
-48.0638	-1.5859
-49.5874	-1.5852
-47.4778	-1.5865
-47.3606	-1.585
-50.2907	-1.5859
-48.6498	-1.5853
-47.4778	-1.5847
-49.353	-1.586
-50.2907	-1.5849
-48.4154	-1.5864
-48.181	-1.5832
-47.9466	-1.5849
-46.423	-1.5849
-46.5402	-1.584
-46.423	-1.5837
-49.2358	-1.5848
-49.353	-1.584
-47.2434	-1.5833
-47.595	-1.5845
-49.1186	-1.584
-47.7122	-1.5817
-48.4154	-1.583
-47.9466	-1.5818
-46.8918	-1.5825
-48.6498	-1.5825
-45.0165	-1.582
-47.4778	-1.5823
-46.5402	-1.5825
-47.4778	-1.5812
-46.5402	-1.5813
-49.8219	-1.582
-47.3606	-1.5799
-47.595	-1.5807
-46.5402	-1.5798
-48.0638	-1.5818
-45.4853	-1.5813
-43.9617	-1.5797
-45.2509	-1.5797
-45.7197	-1.5792
-45.9541	-1.5794
-50.8767	-1.58
-47.9466	-1.5783
-46.6574	-1.5792
-47.009	-1.58
-47.3606	-1.58
-47.1262	-1.579
-46.0714	-1.5789
-48.6498	-1.5772
-43.9617	-1.5783
-46.5402	-1.5788
-44.7821	-1.5773
-44.7821	-1.577
-44.8993	-1.5768
-43.3757	-1.577
-46.423	-1.5762
-44.6649	-1.578
-45.6025	-1.5762
-45.4853	-1.5765
-43.2585	-1.5767
-46.5402	-1.5765
-47.009	-1.5768
-43.4929	-1.5747
-46.5402	-1.5752
-45.0165	-1.5745
-44.1961	-1.576
-45.7197	-1.577
-45.1337	-1.5749
-44.5477	-1.5759
-46.5402	-1.577
-43.7273	-1.5732
-43.6101	-1.5745
-44.4305	-1.574
-45.7197	-1.5743
-42.9069	-1.574
-44.8993	-1.5728
-44.1961	-1.5743
-45.6025	-1.574
-42.9069	-1.5748
-46.3058	-1.5727
-42.7897	-1.573
-42.4381	-1.5712
-42.7897	-1.5722
-44.7821	-1.5713
-42.5553	-1.574
-45.3681	-1.5743
-44.5477	-1.572
-42.9069	-1.5712
-42.6725	-1.5725
-44.7821	-1.573
-45.1337	-1.572
-45.6025	-1.572
-41.9692	-1.572
-41.9692	-1.5708
-44.1961	-1.5707
-43.7273	-1.5707
-42.7897	-1.57
-41.9692	-1.5704
-42.9069	-1.5695
-41.5004	-1.5687
-40.7972	-1.57
-42.6725	-1.5703
-43.4929	-1.5699
-42.3209	-1.5682
-44.8993	-1.5693
-41.9692	-1.5688
-41.8521	-1.57
-40.9144	-1.5689
-42.4381	-1.5687
-41.8521	-1.5687
-39.9768	-1.568
-43.2585	-1.5693
-43.2585	-1.5674
-41.8521	-1.5678
-39.7424	-1.568
-42.3209	-1.5675
-41.5004	-1.5688
-43.3757	-1.5668
-41.3832	-1.568
-40.5628	-1.5659
-40.5628	-1.568
-41.6176	-1.5655
-39.6252	-1.5653
-42.3209	-1.567
-41.3832	-1.5652
-40.2112	-1.566
-42.4381	-1.5663
-41.8521	-1.5658
-42.7897	-1.566
-42.7897	-1.5642
-39.9768	-1.5644
-40.7972	-1.5643
-41.8521	-1.5657
-39.8596	-1.565
-42.7897	-1.564
-41.8521	-1.5638
-43.3757	-1.564
-40.9144	-1.5648
-39.508	-1.5637
-39.0392	-1.563
-38.1015	-1.563
-40.094	-1.5638
-41.0316	-1.5628
-39.8596	-1.563
-39.6252	-1.5612
-38.922	-1.5625
-39.7424	-1.5625
-39.7424	-1.5618
-39.3908	-1.56
-39.2736	-1.563
-41.3832	-1.5607
-39.508	-1.562
-38.1015	-1.5609
-41.3832	-1.5609
-39.508	-1.562
-41.8521	-1.561
-38.4531	-1.5612
-40.7972	-1.5597
-39.2736	-1.5602
-36.4607	-1.5605
-40.9144	-1.5613
-37.8671	-1.559
-38.2187	-1.56
-38.922	-1.5584
-38.3359	-1.5597
-39.6252	-1.559
-40.094	-1.558
-37.1639	-1.5572
-38.8048	-1.5588
-39.0392	-1.559
-39.3908	-1.5585
-38.922	-1.557
-37.2811	-1.5597
-39.3908	-1.5557
-39.1564	-1.5569
-38.1015	-1.557
-37.9843	-1.557
-37.1639	-1.5567
-38.1015	-1.557
-37.1639	-1.5569
-39.1564	-1.5577
-35.9919	-1.5575
-40.094	-1.556
-39.508	-1.555
-37.3983	-1.556
-37.0467	-1.5552
-37.1639	-1.5552
-37.8671	-1.556
-37.1639	-1.5557
-35.9919	-1.5555
-37.7499	-1.5547
-37.5155	-1.5558
-36.4607	-1.5547
-37.2811	-1.5543
-36.5779	-1.5544
-37.6327	-1.554
-39.508	-1.554
-36.6951	-1.5543
-39.7424	-1.5544
-37.1639	-1.553
-34.8199	-1.5524
-37.2811	-1.5525
-37.2811	-1.5545
-35.7575	-1.5532
-37.7499	-1.551
-35.8747	-1.5519
-38.1015	-1.5535
-36.4607	-1.5528
-35.9919	-1.5523
-37.8671	-1.553
-35.2887	-1.5512
-37.6327	-1.552
-36.6951	-1.551
-36.2263	-1.5509
-35.6403	-1.5507
-36.1091	-1.55
-36.1091	-1.5502
-35.2887	-1.5488
-36.5779	-1.5514
-35.6403	-1.5493
-35.1715	-1.55
-33.2962	-1.5492
-36.1091	-1.55
-35.5231	-1.5487
-35.7575	-1.549
-36.4607	-1.5495
-34.2338	-1.548
-34.351	-1.549
-37.2811	-1.548
-34.351	-1.5473
-36.2263	-1.547
-33.6478	-1.5488
-35.4059	-1.5472
-33.4134	-1.5473
-34.351	-1.5468
-34.8199	-1.548
-33.765	-1.5466
-33.9995	-1.5456
-34.1166	-1.5468
-33.6478	-1.5479
-32.593	-1.5465
-31.5382	-1.5456
-34.2338	-1.546
-33.0618	-1.5461
-36.1091	-1.5449
-33.9995	-1.546
-33.4134	-1.5464
-34.351	-1.5456
-34.351	-1.5449
-33.8822	-1.547
-32.8274	-1.5445
-31.5382	-1.5446
-33.6478	-1.5441
-32.2414	-1.545
-33.4134	-1.5424
-32.3586	-1.5438
-34.2338	-1.544
-32.7102	-1.543
-32.8274	-1.5426
-35.2887	-1.544
-32.4758	-1.544
-32.9446	-1.5423
-34.2338	-1.5421
-33.4134	-1.542
-31.1866	-1.5425
-31.6554	-1.5428
-30.9522	-1.543
-33.179	-1.544
-31.421	-1.5425
-32.1242	-1.5419
-32.007	-1.542
-34.351	-1.541
-32.1242	-1.5409
-32.2414	-1.5408
-31.1866	-1.542
-32.7102	-1.5401
-30.9522	-1.541
-31.8898	-1.541
-31.1866	-1.5405
-29.7801	-1.54
-31.5382	-1.5383
-32.9446	-1.54
-32.9446	-1.5405
-30.1317	-1.5388
-31.3038	-1.5398
-30.7178	-1.5371
-32.4758	-1.5391
-32.4758	-1.5395
-32.4758	-1.5376
-30.2489	-1.538
-29.3113	-1.5373
-30.8349	-1.538
-30.6005	-1.5378
-31.5382	-1.5368
-30.7178	-1.5375
-32.7102	-1.5383
-29.8973	-1.5379
-32.007	-1.5368
-31.3038	-1.5369
-30.0145	-1.5376
-26.85	-1.5375
-29.4285	-1.536
-30.6005	-1.537
-29.6629	-1.537
-31.5382	-1.5365
-29.3113	-1.5365
-29.8973	-1.5358
-29.0769	-1.5344
-29.5457	-1.5345
-30.7178	-1.5331
-29.1941	-1.5345
-32.4758	-1.5354
-28.6081	-1.5345
-30.0145	-1.533
-29.1941	-1.5343
-28.8425	-1.5325
-29.1941	-1.5331
-30.1317	-1.5339
-28.4909	-1.534
-28.8425	-1.5323
-31.421	-1.5336
-29.7801	-1.532
-28.4909	-1.5321
-30.1317	-1.5319
-30.2489	-1.532
-29.7801	-1.5328
-28.9597	-1.5309
-29.0769	-1.5309
-31.421	-1.5319
-28.7253	-1.5315
-28.2565	-1.5315
-27.2017	-1.531
-27.7877	-1.531
-28.7253	-1.5306
-30.2489	-1.5299
-28.3737	-1.5296
-27.7877	-1.5303
-31.5382	-1.5295
-27.7877	-1.5305
-26.9673	-1.5296
-25.5608	-1.5318
-31.0694	-1.5284
-28.2565	-1.5295
-28.2565	-1.5298
-28.7253	-1.53
-27.0844	-1.529
-27.3189	-1.528
-25.9124	-1.528
-27.0844	-1.5288
-26.0296	-1.5271
-26.85	-1.529
-27.6705	-1.53
-27.4361	-1.5279
-26.1468	-1.529
-25.092	-1.529
-26.85	-1.529
-25.5608	-1.527
-26.7328	-1.527
-27.7877	-1.5275
-26.6156	-1.5276
-26.264	-1.5268
-27.3189	-1.526
-28.0221	-1.5249
-26.3812	-1.526
-27.6705	-1.5253
-25.678	-1.526
-26.85	-1.5251
-26.1468	-1.5268
-26.3812	-1.5243
-25.4436	-1.5265
-27.9049	-1.525
-26.3812	-1.5254
-24.8576	-1.526
-25.9124	-1.525
-26.3812	-1.5249
-25.3264	-1.524
-24.7404	-1.524
-26.1468	-1.523
-24.506	-1.5249
-25.678	-1.5231
-26.1468	-1.5223
-25.5608	-1.523
-26.3812	-1.5239
-24.7404	-1.5221
-25.7952	-1.5224
-26.1468	-1.5219
-23.92	-1.5216
-23.2167	-1.5216
-24.0372	-1.5229
-24.9748	-1.521
-24.9748	-1.522
-27.7877	-1.5216
-25.2092	-1.521
-24.6232	-1.5213
-24.2716	-1.5219
-25.5608	-1.5208
-24.1544	-1.521
-25.2092	-1.5203
-25.9124	-1.521
-27.3189	-1.5201
-22.6308	-1.5195
-24.506	-1.521
-23.6856	-1.5205
-26.85	-1.52
-24.506	-1.52
-23.92	-1.5209
-23.4512	-1.5186
-22.5135	-1.5171
-24.9748	-1.519
-23.4512	-1.518
-24.0372	-1.5189
-27.5533	-1.5183
-23.3339	-1.5174
-23.3339	-1.5176
-25.678	-1.5176
-23.8028	-1.518
-23.6856	-1.5151
-23.6856	-1.517
-23.6856	-1.517
-23.5684	-1.5168
-24.9748	-1.517
-22.0447	-1.5155
-22.7479	-1.518
-22.2791	-1.516
-22.8652	-1.5165
-21.8103	-1.5156
-23.0995	-1.516
-24.6232	-1.516
-21.4587	-1.5149
-22.0447	-1.5161
-22.5135	-1.5148
-22.7479	-1.5141
-24.9748	-1.5145
-22.3963	-1.5145
-23.0995	-1.515
-22.1619	-1.514
-22.3963	-1.5145
-21.3415	-1.5146
-22.7479	-1.5151
-24.2716	-1.5134
-23.8028	-1.515
-21.3415	-1.513
-22.6308	-1.5138
-21.3415	-1.5123
-21.5759	-1.5118
-22.7479	-1.5126
-22.3963	-1.5113
-21.5759	-1.5119
-20.7555	-1.5121
-20.8727	-1.5125
-22.7479	-1.5119
-17.4738	-1.5116
-21.1071	-1.5111
-21.6931	-1.5106
-20.8727	-1.512
-21.4587	-1.5118
-20.7555	-1.5124
-21.4587	-1.509
-20.1695	-1.5105
-20.4039	-1.5095
-21.3415	-1.512
-20.6383	-1.5104
-20.1695	-1.5105
-20.5211	-1.5093
-21.2243	-1.5108
-21.2243	-1.5085
-20.1695	-1.5098
-21.4587	-1.51
-19.5835	-1.5088
-20.7555	-1.5103
-21.2243	-1.5098
-23.92	-1.5076
-21.2243	-1.5096
-18.6458	-1.5075
-20.7555	-1.508
-19.7006	-1.5076
-21.4587	-1.509
-21.6931	-1.508
-19.3491	-1.5064
-19.3491	-1.507
-21.6931	-1.5059
-18.763	-1.506
-19.3491	-1.5056
-19.7006	-1.5063
-18.5286	-1.507
-18.4114	-1.5066
-20.8727	-1.506
-18.4114	-1.505
-21.3415	-1.505
-20.1695	-1.5048
-18.4114	-1.5055
-19.2318	-1.5058
-17.3566	-1.5048
-19.8179	-1.504
-20.2867	-1.5036
-19.3491	-1.504
-19.8179	-1.5045
-18.2942	-1.505
-19.5835	-1.504
-17.9426	-1.5044
-17.4738	-1.5029
-19.3491	-1.5033
-18.177	-1.5035
-19.3491	-1.5026
-18.5286	-1.5015
-16.7706	-1.5011
-19.5835	-1.5013
-17.005	-1.5035
-19.2318	-1.5021
-17.3566	-1.5009
-16.419	-1.5016
-18.6458	-1.502
-16.6534	-1.5021
-19.3491	-1.502
-15.5986	-1.502
-15.9501	-1.5009
-16.5362	-1.502
-16.419	-1.5003
-17.005	-1.501
-17.2394	-1.499
-17.4738	-1.4999
-17.4738	-1.4995
-17.3566	-1.5001
-15.2469	-1.4988
-16.1846	-1.5
-15.7157	-1.4991
-18.6458	-1.4991
-16.1846	-1.4993
-15.833	-1.4999
-16.419	-1.4993
-17.7082	-1.498
-17.7082	-1.4993
-17.1222	-1.4973
-17.4738	-1.4963
-15.833	-1.4981
-16.5362	-1.498
-17.005	-1.4979
-15.833	-1.4985
-15.7157	-1.496
-16.0674	-1.4969
-16.5362	-1.4956
-17.8254	-1.4964
-18.177	-1.496
-15.833	-1.4979
-15.0125	-1.496
-15.2469	-1.4951
-16.6534	-1.496
-18.9974	-1.4956
-15.2469	-1.495
-17.1222	-1.496
-14.7781	-1.4955
-15.1297	-1.4936
-18.763	-1.4941
-14.3093	-1.4936
-17.005	-1.4953
-14.7781	-1.4959
-15.3642	-1.4943
-14.0749	-1.4931
-13.8405	-1.494
-11.848	-1.4931
-13.7233	-1.4931
-15.3642	-1.4924
-15.4813	-1.4943
-16.0674	-1.4917
-15.7157	-1.4917
-16.7706	-1.4921
-12.9029	-1.4933
-13.3717	-1.4921
-15.5986	-1.4921
-12.6685	-1.4921
-14.4265	-1.492
-13.8405	-1.492
-13.2545	-1.4924
-12.9029	-1.4912
-16.0674	-1.4905
-14.0749	-1.4897
-13.8405	-1.4915
-14.7781	-1.4911
-13.1373	-1.4892
-13.9577	-1.4915
-15.1297	-1.4895
-12.4341	-1.4902
-13.9577	-1.4912
-14.5437	-1.4907
-13.7233	-1.489
-14.6609	-1.4905
-12.9029	-1.4895
-13.2545	-1.4899
-12.9029	-1.4881
-15.5986	-1.4895
-11.0276	-1.4881
-12.5513	-1.4885
-12.6685	-1.4884
-11.4965	-1.4895
-12.7857	-1.4891
-14.1921	-1.4877
-14.1921	-1.4885
-12.7857	-1.488
-11.6136	-1.4869
-14.3093	-1.4866
-12.0825	-1.4865
-12.6685	-1.488
-12.7857	-1.488
-13.4889	-1.487
-12.7857	-1.4855
-10.9104	-1.487
-12.6685	-1.4871
-15.7157	-1.4857
-14.5437	-1.4836
-12.9029	-1.4857
-10.7932	-1.4852
-11.262	-1.4869
-11.262	-1.4847
-12.7857	-1.4857
-11.9653	-1.4855
-11.0276	-1.4855
-12.7857	-1.484
-12.6685	-1.4835
-11.262	-1.484
-10.4416	-1.483
-11.848	-1.4827
-11.848	-1.484
-13.2545	-1.484
-11.848	-1.4829
-10.9104	-1.4811
-11.6136	-1.4825
-11.1448	-1.4826
-10.2072	-1.4825
-11.848	-1.4809
-10.5588	-1.483
-9.3868	-1.4801
-10.9104	-1.4811
-12.6685	-1.481
-9.9728	-1.481
-9.9728	-1.4815
-11.4965	-1.4799
-12.7857	-1.4809
-10.4416	-1.48
-8.918	-1.481
-10.9104	-1.4815
-11.4965	-1.479
-9.1524	-1.4815
-10.7932	-1.48
-10.4416	-1.4797
-8.918	-1.4799
-10.5588	-1.4795
-9.2696	-1.4775
-10.5588	-1.4802
-11.1448	-1.4779
-10.4416	-1.479
-11.3792	-1.4774
-9.6212	-1.4795
-9.9728	-1.4776
-8.8008	-1.4787
-8.6836	-1.4774
-8.0975	-1.4776
-9.504	-1.4779
-10.676	-1.478
-9.504	-1.476
-9.504	-1.4764
-8.5664	-1.4769
-8.2148	-1.4766
-8.4492	-1.4751
-10.4416	-1.475
-7.746	-1.4766
-9.504	-1.4765
-8.0975	-1.4744
-9.2696	-1.476
-7.9804	-1.4754
-6.3395	-1.476
-8.5664	-1.4752
-7.8631	-1.4769
-7.9804	-1.4741
-9.504	-1.4756
-7.746	-1.4756
-9.9728	-1.4749
-7.6287	-1.4731
-8.8008	-1.4734
-8.5664	-1.474
-9.1524	-1.474
-8.0975	-1.474
-7.1599	-1.472
-7.1599	-1.4741
-6.8083	-1.4717
-7.3943	-1.4742
-8.0975	-1.474
-6.5739	-1.4732
-8.6836	-1.472
-6.3395	-1.473
-8.0975	-1.4706
-7.3943	-1.4711
-6.4567	-1.4711
-6.2223	-1.472
-7.6287	-1.4707
-4.347	-1.471
-7.9804	-1.4715
-4.347	-1.471
-6.4567	-1.472
-7.746	-1.4705
-5.7535	-1.471
-9.8556	-1.47
-4.347	-1.47
-8.0975	-1.4692
-10.9104	-1.4692
-3.5266	-1.4681
-6.1051	-1.4686
-5.1675	-1.47
-6.1051	-1.4676
-7.746	-1.469
-6.5739	-1.4695
-8.2148	-1.468
-5.6363	-1.468
-5.7535	-1.47
-4.4643	-1.4674
-7.8631	-1.468
-4.347	-1.468
-5.6363	-1.468
-5.9879	-1.4679
-4.347	-1.4672
-4.9331	-1.468
-4.347	-1.468
-7.0427	-1.466
-4.347	-1.4649
-3.9955	-1.4672
-7.0427	-1.4652
-4.347	-1.465
-4.347	-1.4649
-7.3943	-1.4654
-4.347	-1.4641
-3.9955	-1.4654
-4.347	-1.465
-2.1202	-1.4665
-2.4718	-1.4645
-4.347	-1.4636
-3.9955	-1.4657
-2.8234	-1.466
-4.347	-1.4632
-3.8782	-1.4632
-4.1126	-1.4652
-4.347	-1.4639
-3.6438	-1.4645
-4.347	-1.4641
-3.4094	-1.4625
-4.347	-1.4632
-4.347	-1.4617
-3.0578	-1.4625
-2.8234	-1.4615
-3.9955	-1.4622
-2.3546	-1.4626
-2.9406	-1.463
-3.9955	-1.4642
-3.5266	-1.4614
-3.5266	-1.4636
-3.0578	-1.4615
-3.9955	-1.4619
-2.7062	-1.4616
-2.1202	-1.461
-2.7062	-1.4596
-3.2922	-1.4591
-1.1826	-1.4614
-2.7062	-1.4607
-2.003	-1.461
-3.5266	-1.4594
-4.2299	-1.461
-3.4094	-1.4584
-2.1202	-1.46
-4.347	-1.459
-3.9955	-1.4587
-2.9406	-1.4589
-1.5342	-1.4587
-1.8858	-1.459
-1.7686	-1.4581
-1.417	-1.4569
-3.8782	-1.4579
-1.7686	-1.4571
-1.7686	-1.4579
-3.4094	-1.4579
-1.6514	-1.4579
-1.7686	-1.4554
-0.4794	-1.4575
0.1067	-1.4561
-2.003	-1.4561
-1.1826	-1.4554
-1.0654	-1.457
-1.417	-1.4534
-4.1126	-1.4554
0.8099	-1.4559
-2.4718	-1.4562
-2.1202	-1.4556
-2.2374	-1.4555
-3.9955	-1.4567
-2.003	-1.4555
-1.0654	-1.4557
-0.1278	-1.4549
-1.5342	-1.4544
-2.3546	-1.455
-2.9406	-1.4556
-0.7138	-1.455
-0.7138	-1.4555
-0.7138	-1.4551
-0.3622	-1.4559
-0.7138	-1.456
-2.4718	-1.4556
-2.1202	-1.4545
-1.417	-1.4552
-1.5342	-1.4546
-1.0654	-1.4555
-2.003	-1.455
-2.1202	-1.4556
-1.0654	-1.4536
-2.1202	-1.4539
-1.0654	-1.455
-2.1202	-1.4552
