Load	Displacement
(lb)	(in)
-2.43172888	0
-2.421747066	0.0005
-2.41925179	0.0006
-2.448364527	0.0005
-2.450028518	1E-04
-2.434224156	0.0006
-2.435055441	0.001
-2.445037966	0.0003
-2.436719432	0.0004
-2.444205971	0.0005
-2.421747066	0.0003
-2.432560165	0.0003
-2.420083785	0.0005
-2.422579061	0.0004
-2.425074337	0.0002
-2.441709984	0.0006
-2.413429242	0.0005
-2.435887437	0.0004
-2.437551428	0.0004
-2.441709984	0.0004
-2.438383423	0.0006
-2.436719432	0.0005
-2.440046704	0.0004
-2.429233604	0.001
-2.437551428	0.0005
-2.429233604	0.0004
-2.435055441	0.0006
-2.425074337	0.0004
-2.430896885	0.0007
-2.444205971	1E-04
-2.430896885	0.0004
-2.420915781	0.0004
-2.422579061	0.0003
-2.425074337	0.0008
-2.434224156	0.0006
-2.451691799	0.0005
-2.425074337	0.0009
-2.444205971	0.0005
-2.426738328	-1E-04
-2.425074337	0.001
-2.433392161	0.0006
-2.441709984	0.0004
-2.477477265	1E-04
-2.578125274	-0.0007
-2.696240925	-0.0013
-2.835982776	-0.0023
-2.922489703	-0.0021
-3.048091183	-0.0035
-3.199478839	-0.004
-3.302621413	-0.0046
-3.423232341	-0.005
-3.556319648	-0.006
-3.691071657	-0.0069
-3.776746589	-0.0073
-3.92896553	-0.0085
-4.027949548	-0.0088
-4.151887037	-0.009
-4.270002688	-0.0097
-4.376473245	-0.0109
-4.498747453	-0.0115
-4.634330036	-0.0123
-4.735810041	-0.0129
-4.871392624	-0.0135
-5.012798466	-0.014
-5.088492294	-0.0148
-5.228234144	-0.0151
-5.353003628	-0.0161
-5.465296732	-0.0167
-5.585075664	-0.0173
-5.705685881	-0.0181
-5.810493157	-0.0185
-5.921953555	-0.0193
-6.079995754	-0.0201
-6.167334677	-0.0206
-6.272140532	-0.0211
-6.420201627	-0.0219
-6.521680211	-0.0231
-6.651440957	-0.0241
-6.774547161	-0.0236
-6.902643916	-0.0249
-7.010777753	-0.0252
-7.110593767	-0.0258
-7.252830893	-0.0267
-7.392572744	-0.0275
-7.502370572	-0.028
-7.625476775	-0.0283
-7.72862006	-0.0293
-7.834257911	-0.0302
-7.961522671	-0.0304
-8.078806327	-0.0312
-8.214389621	-0.0321
-8.307551802	-0.0323
-8.424002752	-0.0332
-8.547940951	-0.0342
-8.661897335	-0.0348
-8.793321362	-0.0354
-8.881492281	-0.0359
-9.020402136	-0.0371
-9.144340335	-0.0375
-9.27243709	-0.0382
-9.399702561	-0.0388
-9.531958583	-0.0398
-9.655064787	-0.0399
-9.773179728	-0.0407
-9.881313565	-0.0414
-9.983624854	-0.0421
-10.10174051	-0.0429
-10.22567799	-0.0435
-10.33048456	-0.0437
-10.44360966	-0.0447
-10.55423806	-0.0455
-10.69314792	-0.046
-10.80876829	-0.0467
-10.95266941	-0.0472
-11.04250361	-0.0481
-11.18557273	-0.0488
-11.29620255	-0.049
-11.39934513	-0.0499
-11.52328333	-0.0504
-11.63141645	-0.0517
-11.75119539	-0.0519
-11.86764776	-0.0526
-11.97245432	-0.0533
-12.11718744	-0.0545
-12.23447109	-0.0547
-12.35425002	-0.0556
-12.49315988	-0.0564
-12.59297589	-0.0568
-12.71025884	-0.0568
-12.83003777	-0.0582
-12.97061233	-0.0587
-13.05212799	-0.0592
-13.18687929	-0.0595
-13.32495857	-0.0606
-13.41479277	-0.0612
-13.52542117	-0.0625
-13.68429537	-0.0628
-13.78993322	-0.0632
-13.88475797	-0.0636
-14.04529544	-0.0647
-14.14344675	-0.065
-14.27071223	-0.066
-14.35056461	-0.0668
-14.46784827	-0.0676
-14.62589046	-0.068
-14.73402359	-0.0683
-14.84631741	-0.069
-14.98522726	-0.0705
-15.12081055	-0.0708
-15.2281124	-0.0711
-15.33042369	-0.0719
-15.45352918	-0.0724
-15.59077575	-0.0733
-15.69558303	-0.074
-15.82451249	-0.0745
-15.91136827	-0.0754
-16.04279159	-0.076
-16.14094503	-0.0765
-16.29066728	-0.0778
-16.4137749	-0.0784
-16.53188984	-0.0787
-16.67163098	-0.0795
-16.72985717	-0.0801
-16.88623609	-0.081
-17.01100557	-0.0811
-17.1307845	-0.0819
-17.21396345	-0.0825
-17.37034237	-0.0833
-17.48013877	-0.084
-17.57829222	-0.0851
-17.70638826	-0.0859
-17.82616719	-0.0865
-17.96591047	-0.0868
-18.06406178	-0.0875
-18.17718688	-0.0878
-18.31193747	-0.0887
-18.45334331	-0.0895
-18.55648517	-0.0903
-18.64465609	-0.091
-18.78439865	-0.0914
-18.8792234	-0.0917
-19.00898486	-0.093
-19.15538196	-0.0935
-19.25519727	-0.094
-19.39993038	-0.0948
-19.50473552	-0.0951
-19.60787952	-0.096
-19.69272174	-0.0967
-19.82913703	-0.0974
-19.9356083	-0.0974
-20.10529417	-0.0984
-20.19512837	-0.0993
-20.30658948	-0.1003
-20.42803169	-0.1008
-20.58108263	-0.1014
-20.70086156	-0.1018
-20.80234228	-0.1029
-20.88219324	-0.1037
-21.00529944	-0.1044
-21.15335983	-0.1048
-21.28145801	-0.1055
-21.34301075	-0.1056
-21.52600571	-0.1064
-21.62249445	-0.1073
-21.71399193	-0.1081
-21.8736967	-0.1088
-21.98016726	-0.1095
-22.11159057	-0.1104
-22.18645383	-0.1112
-22.3245324	-0.1114
-22.44264805	-0.1124
-22.54246335	-0.1123
-22.67222339	-0.1134
-22.82028306	-0.1141
-22.93673543	-0.1145
-23.02324236	-0.1151
-23.12971363	-0.1158
-23.26446422	-0.117
-23.39588753	-0.1175
-23.49404098	-0.1183
-23.63045484	-0.1183
-23.7369254	-0.1192
-23.8500505	-0.1198
-24.00809128	-0.1209
-24.11456255	-0.1215
-24.21604113	-0.122
-24.35411899	-0.1228
-24.46890737	-0.1239
-24.58203176	-0.124
-24.68850302	-0.1247
-24.81659907	-0.1251
-24.93804199	-0.1264
-25.04617583	-0.1266
-25.1726093	-0.1276
-25.30236934	-0.1279
-25.40052278	-0.1287
-25.52362828	-0.1292
-25.64174393	-0.13
-25.74654978	-0.1312
-25.88296507	-0.1315
-26.00108072	-0.1322
-26.08925093	-0.1326
-26.23231934	-0.1334
-26.34378045	-0.134
-26.48851357	-0.1346
-26.57169393	-0.1358
-26.6981267	-0.1357
-26.82289618	-0.1365
-26.93768456	-0.1372
-27.06079076	-0.1381
-27.22881478	-0.1388
-27.32530281	-0.1394
-27.45506285	-0.1402
-27.50996176	-0.1408
-27.66467598	-0.1415
-27.76781997	-0.142
-27.88260835	-0.1427
-28.02733933	-0.1433
-28.12050222	-0.1443
-28.25192554	-0.1445
-28.36172408	-0.1455
-28.48316629	-0.146
-28.57965432	-0.1466
-28.70442381	-0.1473
-28.85414747	-0.1479
-28.95230092	-0.1484
-29.04712567	-0.1496
-29.17854898	-0.1505
-29.32161668	-0.1505
-29.41311487	-0.1512
-29.49629666	-0.1516
-29.67762692	-0.1526
-29.80405968	-0.1533
-29.87892223	-0.1545
-30.01200882	-0.1549
-30.23992444	-0.156
-30.37134917	-0.157
-30.42291939	-0.1574
-30.60258779	-0.158
-30.71238562	-0.1586
-30.83216455	-0.1595
-30.93697041	-0.1602
-31.05009551	-0.1611
-31.16322061	-0.1613
-31.28798796	-0.1621
-31.42773265	-0.1628
-31.54917344	-0.163
-31.65897127	-0.1644
-31.72551457	-0.1645
-31.8974982	-0.1655
-32.00396947	-0.1661
-32.10378264	-0.1666
-32.28012447	-0.1676
-32.4464845	-0.168
-32.52966344	-0.1687
-32.56293687	-0.1694
-32.70933184	-0.1697
-32.82911077	-0.1705
-32.97218203	-0.1713
-33.06201409	-0.1721
-33.20175879	-0.1728
-33.2982454	-0.1736
-33.45129775	-0.1741
-33.51784105	-0.1753
-33.71414439	-0.1754
-33.78068769	-0.1756
-33.89381279	-0.1771
-33.95037498	-0.1771
-34.10342734	-0.1782
-34.22320627	-0.1785
-34.33633137	-0.1796
-34.45943757	-0.1802
-34.56590458	-0.1803
-34.75223036	-0.1811
-34.81877437	-0.1822
-34.97514973	-0.1826
-35.081621	-0.1834
-35.2513083	-0.1842
-35.42432286	-0.185
-35.55740946	-0.1856
-35.68716949	-0.1866
-35.77700511	-0.1874
-35.89678405	-0.1885
-36.00658258	-0.1888
-36.12636152	-0.1895
-36.23282852	-0.1902
-36.38920815	-0.1904
-36.49900598	-0.1914
-36.57220311	-0.1922
-36.85168894	-0.1936
-36.92821334	-0.1938
-37.0812657	-0.1946
-37.16777121	-0.1953
-37.30751164	-0.1963
-37.4040018	-0.1967
-37.55039677	-0.1974
-37.630252	-0.198
-37.78662736	-0.1986
-37.9064063	-0.2001
-37.95631537	-0.2001
-37.96629576	-0.1995
-37.97628042	-0.1996
-37.96629576	-0.1996
-37.94633427	-0.1993
-37.93635316	-0.1998
-37.92637206	-0.1998
-37.98958879	-0.1996
-37.96629576	-0.1998
-37.97960769	-0.1995
-37.94633427	-0.1992
-37.93635316	-0.1996
-37.93967972	-0.1999
-37.93302589	-0.1995
-37.91971822	-0.1994
-37.97960769	-0.1998
-37.93635316	-0.1994
-37.99291536	-0.1996
-37.9629692	-0.2001
-37.92969933	-0.1997
-37.93302589	-0.1996
-37.93302589	-0.1993
-37.97295031	-0.1994
-37.98626152	-0.1996
-37.94966083	-0.1995
-37.96629576	-0.1995
-37.99291536	-0.1994
-37.95964193	-0.1991
-37.92304479	-0.1993
-37.94633427	-0.1998
-37.95631537	-0.1996
-37.90973357	-0.1997
-37.93302589	-0.1989
-37.97960769	-0.1991
-37.9629692	-0.1992
-37.95964193	-0.1993
-37.92969933	-0.1994
-37.94300699	-0.1995
-37.94633427	-0.1996
-37.98293425	-0.1997
-37.91306084	-0.1992
-37.93302589	-0.2
-37.93635316	-0.1996
-37.93302589	-0.1996
-37.91639095	-0.1996
-37.91639095	-0.1993
-37.96962303	-0.1997
-37.95964193	-0.1995
-37.91639095	-0.1994
-37.90307974	-0.1997
-37.93302589	-0.1993
-37.93635316	-0.1997
-37.97628042	-0.2
-37.93302589	-0.2
-37.94633427	-0.1996
-37.91971822	-0.1994
-37.93635316	-0.1995
-37.9529881	-0.1996
-37.96962303	-0.1993
-37.94966083	-0.1996
-37.95964193	-0.1994
-37.93967972	-0.1998
-37.93635316	-0.199
-37.93967972	-0.1993
-37.94300699	-0.1993
-37.92969933	-0.1993
-37.92969933	-0.2
-37.92969933	-0.1995
-37.88311753	-0.1995
-37.95631537	-0.1997
-37.94966083	-0.1995
-37.92637206	-0.1998
-37.97628042	-0.1995
-37.97295031	-0.1994
-37.95631537	-0.1995
-37.91639095	-0.1997
-37.93635316	-0.1992
-37.90307974	-0.2
-37.94633427	-0.1992
-37.95964193	-0.1994
-37.95964193	-0.1994
-37.94966083	-0.1996
-37.94633427	-0.1994
-37.93635316	-0.1993
-37.93967972	-0.1998
-37.93635316	-0.1995
-37.88311753	-0.1996
-37.97628042	-0.1995
-37.94966083	-0.1996
-37.96629576	-0.1995
-37.94300699	-0.1996
-37.8964259	-0.1995
-37.9529881	-0.1993
-37.94633427	-0.1997
-37.93635316	-0.1995
-37.94633427	-0.1993
-37.93967972	-0.1992
-37.9064063	-0.1994
-37.94300699	-0.1993
-37.92969933	-0.1996
-37.98626152	-0.1995
-37.94633427	-0.1998
-37.95964193	-0.1998
-37.95631537	-0.1994
-37.96629576	-0.1993
-37.88311753	-0.1997
-37.94966083	-0.1992
-37.94633427	-0.1998
-37.9064063	-0.1991
-37.93967972	-0.1995
-37.91971822	-0.1998
-37.9529881	-0.1995
-37.93302589	-0.1996
-37.95964193	-0.1995
-37.94300699	-0.1996
-37.94633427	-0.1997
-37.93302589	-0.1993
-37.91971822	-0.1996
-37.94300699	-0.1995
-37.92969933	-0.1994
-37.94633427	-0.1996
-37.93635316	-0.1996
-37.94633427	-0.1995
-37.8864448	-0.1994
-37.95964193	-0.1996
-37.92969933	-0.1995
-37.92304479	-0.1996
-37.90973357	-0.1991
-37.9629692	-0.1994
-37.93302589	-0.1995
-37.93302589	-0.1994
-37.93302589	-0.1996
-37.88977136	-0.1999
-37.93302589	-0.2
-37.95631537	-0.1994
-37.94633427	-0.1994
-37.93635316	-0.1996
-37.93967972	-0.1992
-37.93302589	-0.1989
-37.93302589	-0.1996
-37.9629692	-0.1993
-37.90307974	-0.1996
-37.91971822	-0.2002
-37.90307974	-0.1997
-37.91971822	-0.1998
-37.93635316	-0.1998
-37.93635316	-0.1997
-37.90973357	-0.1994
-37.94966083	-0.1991
-37.91306084	-0.1996
-37.94966083	-0.1996
-37.95964193	-0.1995
-37.92304479	-0.1995
-37.91971822	-0.1995
-37.93635316	-0.1997
-37.94633427	-0.1995
-37.92304479	-0.1991
-37.90973357	-0.1996
-37.93302589	-0.1995
-37.92969933	-0.1996
-37.92969933	-0.1992
-37.96629576	-0.1996
-37.90307974	-0.1996
-37.88311753	-0.199
-37.88977136	-0.2
-37.90973357	-0.1998
-37.9529881	-0.1995
-37.94300699	-0.1994
-37.95964193	-0.1992
-37.92969933	-0.2
-37.9629692	-0.1995
-37.95964193	-0.1998
-37.95964193	-0.1998
-37.9529881	-0.1996
-37.93302589	-0.1998
-37.92304479	-0.1992
-37.94966083	-0.1996
-37.90973357	-0.1994
-37.94633427	-0.1996
-37.95964193	-0.1998
-37.90973357	-0.1994
-37.92637206	-0.1996
-37.95964193	-0.1996
-37.92969933	-0.1996
-37.92637206	-0.1995
-37.89975246	-0.1996
-37.95964193	-0.1993
-37.92969933	-0.1992
-37.94966083	-0.1994
-37.95964193	-0.1993
-37.93302589	-0.1997
-37.93302589	-0.1998
-37.90307974	-0.1997
-37.93967972	-0.1998
-37.92304479	-0.1996
-37.92304479	-0.1994
-37.94633427	-0.1998
-37.92304479	-0.1995
-37.88311753	-0.1995
-37.92304479	-0.1998
-37.92969933	-0.1995
-37.94633427	-0.1998
-37.95964193	-0.1995
-37.92304479	-0.1996
-37.94633427	-0.1995
-37.92969933	-0.1996
-37.93302589	-0.1993
-37.92304479	-0.199
-37.8864448	-0.1993
-37.91306084	-0.1995
-37.97295031	-0.2
-37.92637206	-0.1995
-37.84319027	-0.1991
-37.74670366	-0.1983
-37.59697857	-0.1973
-37.54041567	-0.1966
-37.39734797	-0.1965
-37.3008578	-0.1959
-37.20769847	-0.195
-37.05464611	-0.194
-36.92821334	-0.1939
-36.81841552	-0.1924
-36.68200165	-0.192
-36.61213108	-0.1916
-36.34595362	-0.1904
-36.21286702	-0.1897
-36.11970342	-0.1887
-36.01989025	-0.1883
-35.89678405	-0.1879
-35.72044292	-0.187
-35.6405884	-0.1861
-35.5540829	-0.1855
-35.45759273	-0.185
-35.3278327	-0.1843
-35.13485663	-0.1838
-35.08494827	-0.1828
-34.93189876	-0.1821
-34.8154471	-0.1814
-34.69566816	-0.1814
-34.59252417	-0.1802
-34.45943757	-0.1795
-34.34963974	-0.1786
-34.22320627	-0.1781
-34.12338955	-0.1776
-33.97033719	-0.1768
-33.84390442	-0.1765
-33.70083601	-0.1753
-33.64760109	-0.1753
-33.56774941	-0.174
-33.40471595	-0.1742
-33.27495592	-0.1732
-33.1851203	-0.1726
-33.00212463	-0.1718
-32.95554354	-0.1711
-32.82911077	-0.1702
-32.67938853	-0.1698
-32.59620674	-0.1694
-32.4464845	-0.1685
-32.39657614	-0.1677
-32.23686995	-0.1667
-32.09380224	-0.1666
-31.97069604	-0.1655
-31.86422477	-0.1648
-31.74111928	-0.1638
-31.64463267	-0.1636
-31.57143199	-0.1633
-31.36847411	-0.1623
-31.26200355	-0.1615
-31.12226241	-0.1609
-31.04906528	-0.1608
-30.91930169	-0.1595
-30.86606606	-0.1592
-30.73297946	-0.1588
-30.58658449	-0.1578
-30.46015173	-0.1567
-30.36033429	-0.1561
-30.21061276	-0.1558
-30.11412259	-0.155
-30.01430587	-0.1542
-29.90118077	-0.1536
-29.76143963	-0.1534
-29.62835303	-0.1521
-29.54849781	-0.1513
-29.35884902	-0.1509
-29.28232461	-0.1502
-29.18583445	-0.1501
-29.05274714	-0.1492
-28.94295145	-0.1481
-28.77991799	-0.1478
-28.69673762	-0.1471
-28.59026848	-0.1469
-28.45717975	-0.1453
-28.33074699	-0.1453
-28.23758552	-0.1441
-28.08120802	-0.1431
-28.00800876	-0.1434
-27.89821235	-0.1421
-27.7917418	-0.142
-27.65865449	-0.1412
-27.50893153	-0.1402
-27.36918826	-0.1392
-27.295989	-0.1387
-27.16622967	-0.1382
-27.04645074	-0.1374
-26.90338091	-0.1365
-26.80689288	-0.1364
-26.69044051	-0.136
-26.56400774	-0.1348
-26.47417354	-0.1345
-26.32777715	-0.1335
-26.20799822	-0.133
-26.10152695	-0.1322
-25.98174802	-0.1318
-25.86196909	-0.1308
-25.74219016	-0.1308
-25.63572102	-0.1296
-25.50263229	-0.1288
-25.38285336	-0.1284
-25.2131682	-0.1278
-25.14995146	-0.1264
-25.03682636	-0.1262
-24.84384817	-0.1252
-24.68747067	-0.1245
-24.55105538	-0.1237
-24.39467717	-0.1229
-24.32148004	-0.1224
-24.21500948	-0.1216
-24.04199634	-0.1207
-23.96214324	-0.1205
-23.83903704	-0.1197
-23.72258538	-0.1192
-23.59947918	-0.1185
-23.50631842	-0.1178
-23.36324858	-0.1169
-23.24014309	-0.1159
-23.12036416	-0.1151
-23.02720127	-0.1148
-22.87415033	-0.1143
-22.80095249	-0.1141
-22.64457499	-0.1128
-22.50150516	-0.1122
-22.4316353	-0.1118
-22.33181787	-0.1113
-22.16878654	-0.1098
-22.02904397	-0.1095
-21.94919088	-0.1086
-21.81610357	-0.1083
-21.69965191	-0.1078
-21.5665646	-0.1069
-21.49669261	-0.1062
-21.35029622	-0.106
-21.21720891	-0.1048
-21.12072088	-0.1045
-20.97765105	-0.1036
-20.84123576	-0.1032
-20.75140156	-0.1024
-20.59502406	-0.1015
-20.56840589	-0.1007
-20.40204729	-0.1003
-20.29557673	-0.1002
-20.1757978	-0.0991
-20.00943707	-0.0982
-19.93291266	-0.0977
-19.80085629	-0.0966
-19.70935881	-0.0964
-19.55963515	-0.0954
-19.43153839	-0.0948
-19.32506713	-0.0948
-19.20362491	-0.0939
-19.08550997	-0.093
-18.95242266	-0.0922
-18.84927867	-0.0916
-18.73282701	-0.0911
-18.64465609	-0.0902
-18.51656004	-0.0895
-18.36018184	-0.0888
-18.25371128	-0.0883
-18.14391487	-0.0874
-18.01914397	-0.087
-17.91932867	-0.0865
-17.78790535	-0.0852
-17.67478025	-0.0851
-17.59326387	-0.0845
-17.43854966	-0.0837
-17.32708784	-0.0826
-17.21895542	-0.0823
-17.07754887	-0.0814
-16.92283536	-0.0809
-16.85462665	-0.0804
-16.71654879	-0.0795
-16.63336843	-0.0786
-16.49861642	-0.0779
-16.36053927	-0.078
-16.24408761	-0.0768
-16.14926286	-0.0764
-16.01284686	-0.0754
-15.89473121	-0.0749
-15.77827955	-0.0743
-15.63354643	-0.0734
-15.53040457	-0.0725
-15.40397109	-0.0723
-15.31081033	-0.0717
-15.16940378	-0.0709
-15.08456013	-0.0702
-14.9414903	-0.0698
-14.84500227	-0.0687
-14.69860588	-0.0684
-14.56718256	-0.0678
-14.46237599	-0.0673
-14.30932435	-0.0658
-14.20784505	-0.0654
-14.08806612	-0.0652
-14.00821374	-0.0641
-13.83686316	-0.0635
-13.74702896	-0.0632
-13.63390457	-0.0625
-13.52078019	-0.0619
-13.34776562	-0.0608
-13.27456778	-0.0599
-13.16477066	-0.0597
-13.05164556	-0.0594
-12.91024043	-0.0586
-12.80543387	-0.0576
-12.67068257	-0.0571
-12.57086655	-0.0563
-12.43777854	-0.0555
-12.36957054	-0.055
-12.1849123	-0.0546
-12.10173193	-0.054
-11.96698063	-0.053
-11.83222933	-0.0528
-11.70579657	-0.0518
-11.60930712	-0.0505
-11.49285617	-0.0507
-11.34645977	-0.0498
-11.24830704	-0.0491
-11.1401732	-0.0481
-11.00708589	-0.0476
-10.90727059	-0.0468
-10.75255566	-0.0461
-10.62612219	-0.0455
-10.57288727	-0.0454
-10.41983633	-0.0443
-10.29506685	-0.044
-10.1985781	-0.0437
-10.01558243	-0.0429
-9.945361587	-0.041
-9.82475066	-0.0409
-9.702477162	-0.0397
-9.598501882	-0.0395
-9.488704764	-0.039
-9.338149814	-0.0384
-9.230846552	-0.0373
-9.129367968	-0.0373
-9.021233421	-0.0364
-8.878165009	-0.0354
-8.768367181	-0.0352
-8.628625331	-0.0345
-8.488051485	-0.034
-8.427330734	-0.0327
-8.272615806	-0.0321
-8.148677607	-0.0319
-8.026403399	-0.0307
-7.91327901	-0.0307
-7.797659345	-0.0295
-7.692020074	-0.0289
-7.565587309	-0.0281
-7.441649821	-0.0277
-7.300243269	-0.027
-7.08314431	-0.0255
-6.960870102	-0.0248
-6.870203907	-0.0243
-6.727966781	-0.0234
-6.619832944	-0.0227
-6.508371835	-0.0219
-6.366965994	-0.0212
-6.278795075	-0.021
-6.159016143	-0.0203
-6.013451745	-0.0195
-5.901990637	-0.0192
-5.793025515	-0.0183
-5.653283664	-0.0173
-5.535168013	-0.017
-5.419547637	-0.0165
-5.297273429	-0.016
-5.185812321	-0.0147
-5.087660298	-0.014
-4.983685728	-0.0135
-4.87222462	-0.0127
-4.699210765	-0.0121
-4.616031109	-0.0113
-4.489597634	-0.011
-4.381463797	-0.0105
-4.25003977	-0.0095
-4.140242652	-0.0089
-4.015472458	-0.0083
-3.870740055	-0.0075
-3.747633141	-0.007
-3.639500015	-0.0058
-3.527206911	-0.0052
-3.411587246	-0.0045
-3.308443961	-0.0045
-3.190328309	-0.0033
-3.087185735	-0.0032
-2.954929712	-0.0027
-2.837646056	-0.0014
-2.751139129	-0.0008
-2.598088192	0
-2.471655428	0.0009
-2.394297609	0.0005
-2.395129604	0.0007
-2.401784147	0.0007
-2.395129604	0.0003
-2.406774699	0.0003
-2.422579061	0.0004
-2.421747066	0.0004
-2.423411057	0.0007
-2.421747066	0.0007
-2.425074337	0.0005
-2.406774699	1E-04
-2.410101971	0.0002
-2.418419794	0.0005
-2.422579061	0.0005
-2.411765962	0.0006
-2.425074337	0.0008
-2.425074337	0.0006
-2.402615432	0.0008
-2.409269975	0.0004
-2.411765962	0.0006
-2.411765962	0.0008
-2.406774699	0.0006
-2.420083785	0.0005
-2.420915781	1E-04
-2.418419794	0.0006
-2.411765962	0.0005
-2.425074337	0.0006
-2.428401609	0.0007
-2.409269975	0.0005
-2.410933966	1E-04
-2.415092523	0.0005
-2.415092523	0.0004
-2.423411057	0.0007
-2.422579061	1E-04
-2.404279423	0.0008
-2.405111419	0.0003
-2.433392161	0.0005
-2.433392161	0.0005
-2.417587799	0.0005
-2.414261238	0.0007
-2.41925179	0.0008
-2.424242342	0.0007
-2.407606695	0.0003
-2.409269975	0.0009
-2.414261238	0.0004
-2.425074337	0.0006
-2.406774699	0.0007
-2.412597247	0.0002
-2.415924518	0.0005
-2.423411057	0.0006
-2.405942704	0.0009
-2.409269975	0.0006
-2.425074337	0.0008
-2.415924518	0.0005
-2.418419794	0.0004
-2.412597247	0.0009
-2.421747066	0.0005
-2.427570324	0.001
-2.398456876	0.0006
-2.422579061	0.0005
-2.417587799	0.0005
-2.430064889	0.0004
-2.420083785	0.0003
-2.422579061	0.0007
-2.429233604	0.0007
-2.399288871	0.0003
-2.426738328	0.0005
-2.412597247	0.0004
-2.415092523	0.0004
-2.413429242	0.0007
-2.399288871	0.0003
-2.405942704	0.0007
-2.421747066	0.0005
-2.399288871	0.0004
-2.417587799	0.0005
-2.409269975	0.0004
-2.414261238	0.0003
-2.422579061	0.0003
-2.421747066	1E-04
-2.412597247	0.0004
-2.415924518	0.0006
-2.43172888	0
-2.430064889	0.0005
