(lb)	(in)
-2.012502618	0
-2.006680071	0.0005
-2.025811704	-0.0002
-2.024147713	0.0007
-2.011670623	0.0009
-1.99420298	0.0007
-1.999193532	0
-2.024147713	0.0005
-2.000857523	0.0005
-2.013334614	0.0003
-1.988380433	0.0003
-2.010007342	0.0008
-2.000025528	0.0008
-1.999193532	0.0003
-2.055755727	0
-2.14309465	-0.0003
-2.243741948	-0.0017
-2.371839414	-0.002
-2.471655428	-0.0029
-2.574798002	-0.0033
-2.712044577	-0.0041
-2.819346418	-0.0046
-2.950771156	-0.0057
-3.073876649	-0.0058
-3.194487576	-0.0068
-3.263526861	-0.0069
-3.38746506	-0.0076
-3.499757454	-0.0087
-3.604564019	-0.0093
-3.724342951	-0.0098
-3.839131331	-0.01
-3.947265168	-0.0116
-4.045417191	-0.0125
-4.15854158	-0.0127
-4.304937973	-0.013
-4.428044177	-0.0132
-4.539505285	-0.0146
-4.617694389	-0.0148
-4.764090783	-0.0151
-4.823980249	-0.0167
-4.951245719	-0.0169
-5.084333027	-0.0182
-5.200784687	-0.0184
-5.292282877	-0.0188
-5.403743986	-0.0191
-5.513541103	-0.0205
-5.639142583	-0.0212
-5.735630614	-0.0212
-5.869550628	-0.0229
-5.988497564	-0.0229
-6.109108492	-0.0235
-6.183970324	-0.0248
-6.359479455	-0.0249
-6.445987093	-0.0254
-6.553288935	-0.0273
-6.629814048	-0.0283
-6.761238075	-0.0283
-6.890166826	-0.0292
-6.96835593	-0.0295
-7.091462133	-0.0296
-7.189614156	-0.0301
-7.340169816	-0.0318
-7.430004015	-0.0321
-7.541465124	-0.0326
-7.661244056	-0.0335
-7.777695716	-0.0343
-7.886660838	-0.0346
-7.990636119	-0.036
-8.116237598	-0.0366
-8.171967797	-0.037
-8.31503763	-0.0369
-8.43148929	-0.0377
-8.543781684	-0.039
-8.640270426	-0.0385
-8.767535186	-0.0404
-8.878165009	-0.0406
-8.999607222	-0.0411
-9.121050145	-0.0417
-9.192584706	-0.042
-9.31735419	-0.0431
-9.416338208	-0.0437
-9.555248063	-0.0442
-9.66504518	-0.0446
-9.803124461	-0.0458
-9.893790655	-0.0469
-9.979464877	-0.0475
-10.10257179	-0.048
-10.22567799	-0.0488
-10.3479522	-0.0493
-10.46107659	-0.0503
-10.55507006	-0.0507
-10.67068972	-0.0513
-10.80960029	-0.0514
-10.90858431	-0.0525
-11.00340906	-0.0536
-11.12984253	-0.0541
-11.21967602	-0.0546
-11.31616547	-0.0551
-11.54158226	-0.0565
-11.68797936	-0.0577
-11.79112193	-0.0588
-11.91422814	-0.0593
-12.07476561	-0.0593
-12.2552653	-0.0603
-12.36173585	-0.0618
-12.45905659	-0.0613
-12.56968499	-0.0618
-12.68364209	-0.0633
-12.79260721	-0.0646
-12.91903997	-0.0643
-13.03133308	-0.0651
-13.15028072	-0.0658
-13.26174112	-0.0665
-13.33826695	-0.0666
-13.44057752	-0.0681
-13.54871207	-0.0686
-13.67597683	-0.0687
-13.81239141	-0.0701
-13.92468452	-0.0708
-14.02449982	-0.0718
-14.1392882	-0.0717
-14.25324458	-0.0723
-14.33808752	-0.0726
-14.47034354	-0.0746
-14.57265483	-0.0741
-14.68245266	-0.0749
-14.80056831	-0.0763
-14.88125269	-0.0763
-15.01018144	-0.0775
-15.11332402	-0.0783
-15.23476623	-0.0792
-15.35121789	-0.0787
-15.47432409	-0.0803
-15.56249501	-0.08
-15.68892778	-0.0818
-15.83865144	-0.0825
-15.88807737	-0.0818
-15.97791157	-0.0835
-16.14260831	-0.0845
-16.22911382	-0.0848
-16.3439022	-0.0858
-16.4670084	-0.0856
-16.55517932	-0.0877
-16.65166878	-0.0882
-16.77976553	-0.0877
-16.89289063	-0.0888
-17.01100557	-0.0899
-17.16072924	-0.09
-17.23059981	-0.0912
-17.36867909	-0.0907
-17.45685001	-0.0923
-17.55999187	-0.092
-17.68309807	-0.0938
-17.77459555	-0.0942
-17.8927112	-0.095
-18.00583559	-0.0947
-18.13559563	-0.0953
-18.22376655	-0.0972
-18.32524655	-0.0978
-18.45833386	-0.0978
-18.57312224	-0.0993
-18.65796589	-0.0993
-18.78107209	-0.0998
-18.89918703	-0.1012
-18.97571143	-0.1003
-19.13209106	-0.1011
-19.2152693	-0.1028
-19.3616664	-0.1029
-19.47479079	-0.1039
-19.68440392	-0.1058
-19.77922867	-0.1057
-19.88569994	-0.1067
-20.03875017	-0.1067
-20.10695745	-0.108
-20.25169057	-0.1081
-20.34984259	-0.1088
-20.44134149	-0.111
-20.61601792	-0.1111
-20.70086156	-0.1112
-20.80067687	-0.1123
-20.94041943	-0.1128
-21.00529944	-0.1137
-21.12674166	-0.1143
-21.22156854	-0.1145
-21.33968348	-0.1149
-21.44116206	-0.1149
-21.53266025	-0.1167
-21.6607563	-0.1165
-21.77554468	-0.1174
-21.88534251	-0.1184
-21.99846761	-0.1185
-22.11491927	-0.1212
-22.22804295	-0.1209
-22.32785967	-0.1215
-22.45595643	-0.1218
-22.57074481	-0.1233
-22.660579	-0.1237
-22.77703066	-0.1238
-22.89348233	-0.1254
-22.96168961	-0.1249
-23.11141328	-0.1265
-23.20623803	-0.1261
-23.33932676	-0.1273
-23.44579589	-0.1278
-23.53895665	-0.1287
-23.66871882	-0.1292
-23.76520685	-0.1301
-23.89163962	-0.1311
-23.99478361	-0.1309
-24.06631746	-0.1316
-24.21437785	-0.1334
-24.29256766	-0.1331
-24.43563536	-0.1351
-24.5554143	-0.1353
-24.67519323	-0.1354
-24.81992634	-0.1366
-24.91974164	-0.1371
-25.00458529	-0.137
-25.11937367	-0.1382
-25.19257293	-0.1391
-25.3056959	-0.1393
-25.42048428	-0.1402
-25.55357301	-0.1409
-25.62510686	-0.1411
-25.74821306	-0.1418
-25.86466472	-0.1436
-25.9811171	-0.1422
-26.06097019	-0.1438
-26.17076589	-0.144
-26.29220881	-0.1453
-26.42030699	-0.1463
-26.55672086	-0.1464
-26.65653758	-0.1483
-26.74304309	-0.1477
-26.83620598	-0.1479
-26.95432163	-0.1496
-27.05080966	-0.1507
-27.18556025	-0.1506
-27.31532171	-0.1507
-27.38851884	-0.1511
-27.53491594	-0.1532
-27.58316102	-0.1529
-27.72123817	-0.1533
-27.81273565	-0.1543
-27.94083383	-0.1547
-28.08556694	-0.1556
-28.15211095	-0.1568
-28.27355316	-0.1576
-28.39333209	-0.1578
-28.50645719	-0.1587
-28.58963543	-0.1603
-28.71939688	-0.1603
-28.80257725	-0.1609
-28.91902749	-0.1618
-29.07207985	-0.1628
-29.15193294	-0.1628
-29.2866814	-0.1637
-29.38483342	-0.1634
-29.46302324	-0.1642
-29.60110252	-0.1649
-29.70757307	-0.1659
-29.79740585	-0.1664
-29.91718478	-0.1669
-30.0536022	-0.1678
-30.17338043	-0.1685
-30.25822478	-0.1691
-30.39796521	-0.1701
-30.47781689	-0.1704
-30.58428744	-0.1708
-30.7356751	-0.1724
-30.87541553	-0.1733
-30.96025918	-0.1734
-31.05674934	-0.1738
-31.17652827	-0.1747
-31.29131523	-0.1741
-31.37283161	-0.1762
-31.53753048	-0.1766
-31.60740105	-0.1769
-31.72717998	-0.1778
-31.86422477	-0.1786
-32.00396947	-0.1791
-32.09712881	-0.1798
-32.23021611	-0.1808
-32.29675941	-0.1818
-32.41321107	-0.1823
-32.53299	-0.1833
-32.66940742	-0.1833
-32.76256676	-0.1838
-32.90563802	-0.1846
-32.98881696	-0.1856
-33.13188466	-0.1862
-33.2516636	-0.1863
-33.40804322	-0.1871
-33.45462432	-0.1882
-33.59103818	-0.1885
-33.72079822	-0.1891
-33.83392332	-0.1908
-33.93041348	-0.1906
-34.08678885	-0.1918
-34.18660628	-0.1923
-34.29307684	-0.1931
-34.4195096	-0.1938
-34.50934593	-0.1938
-34.62246748	-0.1941
-34.79548134	-0.1952
-34.8354093	-0.196
-35.01175043	-0.1973
-35.09825594	-0.1972
-35.21138104	-0.1977
-35.3378138	-0.1993
-35.394376	-0.1986
-35.46092001	-0.1995
-35.53412069	-0.1993
-35.55075563	-0.1995
-35.51415493	-0.2006
-35.51082837	-0.1989
-35.55740946	-0.1986
-35.53412069	-0.199
-35.52080947	-0.1993
-35.49419343	-0.1991
-35.47090395	-0.1997
-35.52413603	-0.1988
-35.48753889	-0.1997
-35.5840255	-0.1989
-35.55075563	-0.1997
-35.56406329	-0.1998
-35.49751999	-0.1998
-35.52413603	-0.1998
-35.55075563	-0.1995
-35.53412069	-0.1988
-35.56406329	-0.1989
-35.49419343	-0.199
-35.58069894	-0.1998
-35.53744796	-0.1999
-35.5075011	-0.1994
-35.51082837	-0.1998
-35.57071783	-0.1998
-35.50417382	-0.1989
-35.50084726	-0.1998
-35.48753889	-0.1991
-35.52413603	-0.1993
-35.55740946	-0.1998
-35.5075011	-0.199
-35.50084726	-0.1997
-35.5540829	-0.2001
-35.49086616	-0.1998
-35.56406329	-0.1998
-35.49751999	-0.199
-35.48753889	-0.2003
-35.55075563	-0.1986
-35.53079342	-0.1993
-35.49751999	-0.1991
-35.54410179	-0.1995
-35.51415493	-0.1997
-35.54410179	-0.1998
-35.50084726	-0.1994
-35.51415493	-0.1996
-35.5174822	-0.1988
-35.48421233	-0.1993
-35.48753889	-0.1995
-35.46092001	-0.1998
-35.48753889	-0.1991
-35.55740946	-0.1988
-35.58069894	-0.1998
-35.53079342	-0.1996
-35.53744796	-0.1998
-35.57071783	-0.199
-35.52746686	-0.1995
-35.47423122	-0.199
-35.5540829	-0.1998
-35.5075011	-0.1994
-35.52080947	-0.1993
-35.52746686	-0.2003
-35.52413603	-0.1989
-35.53412069	-0.1996
-35.53744796	-0.1989
-35.5174822	-0.199
-35.55075563	-0.1993
-35.53744796	-0.1998
-35.42099559	-0.1995
-35.21803487	-0.1983
-35.0716399	-0.1968
-34.98180428	-0.1961
-34.79548134	-0.1949
-34.71895693	-0.1946
-34.59252417	-0.1946
-34.46941868	-0.1933
-34.34631247	-0.1925
-34.19658668	-0.1916
-34.1533357	-0.1918
-34.04686514	-0.1906
-33.95702952	-0.19
-33.78401496	-0.1893
-33.68087451	-0.1893
-33.56774941	-0.1881
-33.50453268	-0.1871
-33.29159085	-0.1863
-33.1951014	-0.1856
-33.09528752	-0.1856
-32.96552748	-0.1856
-32.87569186	-0.1833
-32.71931579	-0.1836
-32.63280673	-0.1828
-32.46977398	-0.1811
-32.34999504	-0.1809
-32.27014337	-0.1799
-32.17365321	-0.1798
-31.98733098	-0.1788
-31.95738767	-0.1784
-31.83760873	-0.1784
-31.72115707	-0.1771
-31.57143199	-0.1766
-31.47827265	-0.1756
-31.34851261	-0.176
-31.21542175	-0.1741
-31.11228131	-0.1736
-30.94592129	-0.1728
-30.79952276	-0.1724
-30.69638232	-0.1709
-30.54665723	-0.1709
-30.43020486	-0.1697
-30.32706087	-0.1698
-30.21393932	-0.1684
-30.10746876	-0.168
-30.04425202	-0.1672
-29.91781926	-0.1661
-29.77142074	-0.1657
-29.67160756	-0.1651
-29.53519014	-0.1649
-29.48195451	-0.1638
-29.3189246	-0.1633
-29.24905048	-0.1628
-29.11263661	-0.1615
-28.97955001	-0.1609
-28.88306198	-0.1611
-28.76660961	-0.1596
-28.70339358	-0.1598
-28.59692232	-0.1579
-28.41725392	-0.1578
-28.32741972	-0.1573
-28.20764079	-0.1565
-28.16771495	-0.1552
-28.0046822	-0.1552
-27.93481163	-0.1547
-27.79839563	-0.1532
-27.7019076	-0.1538
-27.5455301	-0.1531
-27.48896719	-0.151
-27.34922463	-0.1512
-27.15624857	-0.1502
-27.0730682	-0.1502
-27.09968567	-0.1498
-26.93998161	-0.1487
-26.80689288	-0.1484
-26.68711395	-0.1473
-26.57066158	-0.1454
-26.51409938	-0.1456
-26.36770299	-0.1452
-26.22796185	-0.1448
-26.03498365	-0.1438
-25.87195232	-0.1419
-25.77546358	-0.1421
-25.72888249	-0.1414
-25.59579376	-0.1406
-25.49597846	-0.1396
-25.37619953	-0.1394
-25.26307443	-0.1387
-25.18655003	-0.1385
-25.00688163	-0.1376
-24.92702853	-0.1368
-24.82388667	-0.1364
-24.72074267	-0.1349
-24.6042903	-0.1353
-24.48783864	-0.1336
-24.40798697	-0.1336
-24.31482621	-0.1322
-24.19837384	-0.132
-24.0785949	-0.1315
-23.93885234	-0.1313
-23.83903704	-0.1294
-23.68265812	-0.1292
-23.57618899	-0.1279
-23.49966245	-0.128
-23.38653948	-0.1276
-23.28006822	-0.126
-23.16028929	-0.1255
-23.03385652	-0.1258
-22.98727543	-0.125
-22.83755177	-0.1243
-22.68450083	-0.1229
-22.58135896	-0.1228
-22.49485133	-0.1217
-22.41499823	-0.1212
-22.23200327	-0.1208
-22.16213057	-0.1202
-22.06896981	-0.1201
-21.94919088	-0.1186
-21.84272174	-0.1178
-21.71628827	-0.1173
-21.61314427	-0.1169
-21.46342061	-0.1155
-21.37025985	-0.1144
-21.29706059	-0.1148
-21.18393762	-0.1136
-21.06083141	-0.1134
-20.96434125	-0.112
-20.88449029	-0.1117
-20.73143935	-0.1118
-20.61831425	-0.1108
-20.5118437	-0.1105
-20.37875639	-0.1085
-20.24899493	-0.1088
-20.17912436	-0.107
-20.0759825	-0.1069
-19.96951123	-0.1062
-19.8108374	-0.105
-19.72599517	-0.1053
-19.64946935	-0.1047
-19.50307224	-0.1038
-19.3616664	-0.1043
-19.26850493	-0.1024
-19.13874489	-0.1013
-19.05057469	-0.1008
-18.9457667	-0.1008
-18.84262484	-0.0988
-18.73449029	-0.0998
-18.62802115	-0.0983
-18.51822333	-0.0976
-18.39345384	-0.0969
-18.26203052	-0.097
-18.17885016	-0.0958
-18.06073451	-0.0951
-17.94594613	-0.0947
-17.80620357	-0.0937
-17.73966027	-0.0928
-17.6132275	-0.0928
-17.4901213	-0.092
-17.38365074	-0.0916
-17.27385291	-0.0901
-17.14741944	-0.089
-17.06756634	-0.0887
-16.9294892	-0.0883
-16.80804698	-0.0882
-16.69658516	-0.0868
-16.62837859	-0.086
-16.47699093	-0.0856
-16.37717421	-0.0853
-16.29732253	-0.0844
-16.14593559	-0.0847
-16.05776467	-0.0825
-15.92467594	-0.0821
-15.83816901	-0.0818
-15.73835371	-0.0816
-15.60360312	-0.0799
-15.50877695	-0.079
-15.38567074	-0.0798
-15.22929325	-0.0783
-15.1544307	-0.0779
-15.04796157	-0.0773
-14.93816374	-0.0762
-14.81006699	-0.0763
-14.66034332	-0.0752
-14.5838175	-0.0749
-14.49232002	-0.0738
-14.36755053	-0.0736
-14.26939851	-0.0733
-14.14961958	-0.0716
-14.08640213	-0.0715
-13.94000645	-0.0711
-13.80525515	-0.0693
-13.72706533	-0.0698
-13.60229585	-0.0687
-13.49416272	-0.0684
-13.36772854	-0.0671
-13.24462305	-0.066
-13.16144268	-0.0658
-13.05830082	-0.0646
-12.93852188	-0.0645
-12.83870516	-0.063
-12.74221642	-0.0636
-12.56753928	-0.0629
-12.47770508	-0.0616
-12.37788907	-0.0611
-12.28639159	-0.0608
-12.12834939	-0.0595
-12.06346937	-0.0586
-11.94868099	-0.059
-11.80893914	-0.0576
-11.69248748	-0.0576
-11.6109704	-0.0566
-11.4662387	-0.056
-11.32483215	-0.055
-11.22002559	-0.0548
-11.15015502	-0.0536
-11.06198481	-0.0538
-10.92556952	-0.0527
-10.82409022	-0.0516
-10.73425603	-0.0518
-10.58453236	-0.0512
-10.47307125	-0.0505
-10.35329232	-0.0498
-10.26678539	-0.0487
-10.16031484	-0.0478
-9.98397442	-0.0479
-9.931221216	-0.047
-9.819760818	-0.0463
-9.691663352	-0.0449
-9.584361511	-0.0451
-9.460424022	-0.0447
-9.34064509	-0.0431
-9.256632728	-0.0422
-9.135190516	-0.0417
-9.024560692	-0.0408
-8.946371588	-0.041
-8.798311914	-0.0402
-8.670215159	-0.0395
-8.577054399	-0.0378
-8.453115489	-0.0378
-8.341655091	-0.0371
-8.233521254	-0.0365
-8.147846322	-0.0359
-8.060507399	-0.0349
-7.9473823	-0.0333
-7.813462997	-0.0335
-7.703665879	-0.0333
-7.563092033	-0.0328
-7.441649821	-0.0313
-7.378432373	-0.0308
-7.256158165	-0.0313
-7.119743586	-0.0293
-7.019927572	-0.0289
-6.90014864	-0.0288
-6.786192256	-0.0281
-6.687208238	-0.0271
-6.579074401	-0.0273
-6.441827826	-0.0254
-6.332862704	-0.0258
-6.233878686	-0.0242
-6.098295392	-0.0241
-6.010956469	-0.0223
-5.875373175	-0.0233
-5.797184071	-0.0211
-5.646629121	-0.0207
-5.555130931	-0.0205
-5.43701599	-0.0197
-5.332208714	-0.0185
-5.209103221	-0.0187
-5.098473398	-0.0177
-5.012798466	-0.0177
-4.868897348	-0.0165
-4.748286421	-0.0164
-4.670098027	-0.0152
-4.5494871	-0.014
-4.40059543	-0.0134
-4.320742335	-0.0137
-4.20512267	-0.0127
-4.095325553	-0.0111
-3.989686992	-0.0112
-3.845785164	-0.0106
-3.749297132	-0.0107
-3.61704111	-0.01
-3.527206911	-0.0084
-3.425727617	-0.0077
-3.304285404	-0.0071
-3.172861377	-0.0061
-3.040605355	-0.0054
-2.949107165	-0.0046
-2.850955142	-0.0044
-2.717867124	-0.0036
-2.53404017	-0.0033
-2.398456876	-0.0022
-2.286995767	-0.0015
-2.154739745	-0.0005
-2.059914994	0.0003
-1.950117876	0.0008
-1.944294618	0.0003
-1.950117876	0.0012
-1.940136062	0.0003
-1.93680879	0.0007
-1.939304066	1E-04
-1.952613152	1E-04
-1.942631338	0.0009
-1.943463333	0.0009
-1.93680879	0.0007
-1.954276433	0.0008
-1.946790605	0
-1.961762971	0.0008
-1.946790605	0.0003
-1.957603704	0.0009
-1.953445148	-0.0005
-1.962594256	0.0008
-1.949285881	0
-1.960930976	-0.0002
-1.945958609	0.0004
-1.949285881	0.0008
-1.951781157	0.0008
-1.938472781	0.0008
-1.938472781	0.0011
-1.985884446	0.0003
-1.934313514	0.0006
-1.955108428	0.0009
-1.938472781	0.0009
-1.941799342	0.0004
-1.939304066	0.0007
-1.957603704	0.0005
-1.952613152	0.0008
-1.946790605	0.0003
-1.945958609	0.0006
-1.951781157	-0.0002
-1.950117876	0.0003
-1.923500415	0.0003
-1.930154247	0.0007
-1.952613152	0.0003
-1.940968057	0.0005
-1.962594256	0.0003
-1.950949161	0.0005
-1.96009898	0.0011
-1.957603704	0.001
-1.9584357	-0.0005
-1.956771709	0
-1.957603704	-1E-04
-1.952613152	0.001
-1.953445148	0.0006
-1.959267695	0.0011
-1.965921528	0.0006
-1.941799342	0.0006
-1.980894605	0.0006
-1.952613152	0.0003
-1.949285881	-0.0003
-1.953445148	0.0007
-1.940968057	0.0006
-1.959267695	0.0007
-1.950949161	0.0004
-1.920173143	0.0004
-1.967585519	0.0006
-1.966753523	0.001
-1.952613152	0.0011
-1.957603704	-0.0004
-1.964258247	0.0005
-1.956771709	0.0009
-1.928490967	0
-1.917677157	0.0006
-1.950117876	0.0009
-1.950949161	-0.0003
-1.961762971	0
-1.959267695	0.0003
-1.962594256	0
-1.941799342	0.0008
-1.959267695	0.0003
-1.943463333	-0.0002
-1.943463333	0.001
-1.952613152	0.0005
-1.949285881	0.0003
-1.959267695	0.0006
-1.965090243	0.0012
-1.966753523	0.0012
-1.952613152	0.0004
-1.962594256	0.0012
-1.967585519	0.0003
-1.965921528	0.0005
-1.952613152	0.0007
-1.949285881	0.0012
-1.950117876	0.0003
-1.944294618	0.0009
-1.950117876	0.0008
-1.959267695	0.0003
-1.943463333	0.0009
-1.959267695	0.0003
-1.937640786	0.0006
-1.945958609	0.0006
-1.957603704	0.0003
-1.959267695	0.0011
-1.949285881	-1E-04
-1.966753523	0.0003
-1.959267695	0.0008
-1.956771709	0.0003
-1.959267695	0.0003
-1.937640786	0.0009
-1.952613152	0.0005
-1.952613152	0.0004
-1.945958609	0
-1.946790605	0.0006
-1.955939713	0.0006
-1.962594256	0.0004
-1.945958609	0.0008
-1.945958609	0.0007
-1.965921528	0.0008
-1.93680879	0.0005
-1.949285881	0.0008
-1.950949161	0.0017
-1.940136062	0.0008
-1.965921528	-0.0002
-1.948453885	0.0003
-1.944294618	0.0003
-1.942631338	0.0003
-1.973408066	0.0003
-1.959267695	0.0008
-1.959267695	0.0008
-1.945126614	0.0009
-1.952613152	0.001
-1.9476226	0.0014
-1.9476226	-0.0002
-1.952613152	0.0003
-1.962594256	0.0008
-1.941799342	0.0005
-1.957603704	0.0003
-1.952613152	0.0009
-1.939304066	0.0003
-1.939304066	-0.0004
-1.930154247	0.0003
-1.955939713	0.0004
-1.951781157	0.0007
-1.952613152	0.0005
-1.9476226	0.0003
-1.980894605	-0.0004
-1.970080795	0.0008
-1.966753523	0.0007
-1.953445148	0.0003
-1.945958609	0.0003
-1.940136062	0.0007
-1.954276433	0.0009
-1.965921528	0.0013
-1.945958609	0.0003
-1.950117876	0.0003
-1.959267695	0.0003
-1.948453885	-0.0002
-1.945958609	-1E-04
-1.940968057	0.0011
-1.945958609	0
-1.939304066	0.0009
-1.944294618	0.0005
-1.957603704	0.0007
-1.950117876	0.0003
-1.957603704	-0.0007
-1.9476226	-0.0002
-1.938472781	0.0007
-1.93680879	-0.0002
-1.946790605	0.0013
-1.948453885	-0.0002
-1.937640786	-0.0002
-1.949285881	0.0008
-1.939304066	0.0003
-1.976735338	0.0003
-1.929322252	0.0003
-1.93680879	0.0009
-1.951781157	0.0008
-1.952613152	0.0003
-1.941799342	0.0013
-1.940968057	0.0003
-1.942631338	0.0004
-1.938472781	0.0003
-1.96009898	0.0004
-1.959267695	0.0003
-1.954276433	0.0008
-1.956771709	0.0003
-1.935976795	0.0003
-1.93514551	0.0012
-1.954276433	0
-1.943463333	0.0003
-1.941799342	0.0005
-1.948453885	-0.0002
-1.950949161	0.0007
-1.9584357	0.0011
-1.946790605	0.0003
-1.942631338	0.0004
-1.931818238	1E-04
-1.953445148	0.0003
-1.951781157	-1E-04
-1.961762971	0.0005
-1.946790605	0.0003
-1.942631338	-1E-04
-1.945126614	-0.0005
-1.954276433	0.0012
-1.951781157	0.0009
-1.943463333	0
-1.960930976	0.0009
-1.955939713	0.0006
-1.93514551	-0.0002
-1.952613152	0.0003
-1.950117876	0.0007
-1.962594256	0.0004
-1.940136062	0.0008
-1.9476226	0.0003
-1.955939713	0.0006
-1.932650234	0.0009
-1.938472781	0.0009
-1.953445148	0.0011
-1.957603704	-0.0002
-1.939304066	0.0005
-1.956771709	0.0003
-1.952613152	0.0002
-1.944294618	0.0011
-1.953445148	0.0003
-1.93680879	0.0003
-1.959267695	-1E-04
-1.939304066	0.0009
-1.93680879	0.0009
-1.943463333	0.0011
-1.952613152	0.0003
-1.939304066	0.0008
-1.956771709	0.0008
-1.956771709	0.0011
-1.946790605	0.0006
-1.93680879	0.0009
-1.939304066	0.0006
-1.972576071	0.0004
-1.953445148	0.0008
-1.943463333	0.0006
-1.945958609	0.0003
-1.934313514	0.0003
-1.940968057	0.0003
-1.952613152	0.0007
-1.944294618	0.0008
-1.955939713	0.0007
-1.962594256	0.0003
-1.9584357	0.0008
-1.957603704	0.0003
-1.955108428	0.0009
-1.956771709	0.0015
-1.950117876	0.0011
-1.954276433	0.0003
